0.002400 0.050400
0.005400 0.050400
0.008400 0.050400
0.011400 0.050400
0.014400 0.050400
0.017400 0.050400
0.020400 0.050400
0.023400 0.050400
0.002400 0.047400
0.005400 0.047400
0.008400 0.047400
0.011400 0.047400
0.014400 0.047400
0.017400 0.047400
0.020400 0.047400
0.023400 0.047400
0.026400 0.047400
0.002400 0.044400
0.005400 0.044400
0.008400 0.044400
0.011400 0.044400
0.014400 0.044400
0.017400 0.044400
0.020400 0.044400
0.023400 0.044400
0.026400 0.044400
0.029400 0.044400
0.032400 0.044400
0.002400 0.041400
0.005400 0.041400
0.008400 0.041400
0.011400 0.041400
0.014400 0.041400
0.017400 0.041400
0.020400 0.041400
0.023400 0.041400
0.026400 0.041400
0.029400 0.041400
0.032400 0.041400
0.035400 0.041400
0.002400 0.038400
0.005400 0.038400
0.008400 0.038400
0.011400 0.038400
0.014400 0.038400
0.017400 0.038400
0.020400 0.038400
0.023400 0.038400
0.026400 0.038400
0.029400 0.038400
0.032400 0.038400
0.035400 0.038400
0.002400 0.035400
0.005400 0.035400
0.008400 0.035400
0.011400 0.035400
0.014400 0.035400
0.017400 0.035400
0.020400 0.035400
0.023400 0.035400
0.026400 0.035400
0.029400 0.035400
0.032400 0.035400
0.035400 0.035400
0.038400 0.035400
0.041400 0.035400
0.002400 0.032400
0.005400 0.032400
0.008400 0.032400
0.011400 0.032400
0.014400 0.032400
0.017400 0.032400
0.020400 0.032400
0.023400 0.032400
0.026400 0.032400
0.029400 0.032400
0.032400 0.032400
0.035400 0.032400
0.038400 0.032400
0.041400 0.032400
0.044400 0.032400
0.002400 0.029400
0.005400 0.029400
0.008400 0.029400
0.011400 0.029400
0.014400 0.029400
0.017400 0.029400
0.020400 0.029400
0.023400 0.029400
0.026400 0.029400
0.029400 0.029400
0.032400 0.029400
0.035400 0.029400
0.038400 0.029400
0.041400 0.029400
0.044400 0.029400
0.002400 0.026400
0.005400 0.026400
0.008400 0.026400
0.011400 0.026400
0.014400 0.026400
0.017400 0.026400
0.020400 0.026400
0.023400 0.026400
0.026400 0.026400
0.029400 0.026400
0.032400 0.026400
0.035400 0.026400
0.038400 0.026400
0.041400 0.026400
0.044400 0.026400
0.047400 0.026400
0.002400 0.023400
0.005400 0.023400
0.008400 0.023400
0.011400 0.023400
0.014400 0.023400
0.017400 0.023400
0.020400 0.023400
0.023400 0.023400
0.026400 0.023400
0.029400 0.023400
0.032400 0.023400
0.035400 0.023400
0.038400 0.023400
0.041400 0.023400
0.044400 0.023400
0.047400 0.023400
0.050400 0.023400
0.002400 0.020400
0.005400 0.020400
0.008400 0.020400
0.011400 0.020400
0.014400 0.020400
0.017400 0.020400
0.020400 0.020400
0.023400 0.020400
0.026400 0.020400
0.029400 0.020400
0.032400 0.020400
0.035400 0.020400
0.038400 0.020400
0.041400 0.020400
0.044400 0.020400
0.047400 0.020400
0.050400 0.020400
0.002400 0.017400
0.005400 0.017400
0.008400 0.017400
0.011400 0.017400
0.014400 0.017400
0.017400 0.017400
0.020400 0.017400
0.023400 0.017400
0.026400 0.017400
0.029400 0.017400
0.032400 0.017400
0.035400 0.017400
0.038400 0.017400
0.041400 0.017400
0.044400 0.017400
0.047400 0.017400
0.050400 0.017400
0.002400 0.014400
0.005400 0.014400
0.008400 0.014400
0.011400 0.014400
0.014400 0.014400
0.017400 0.014400
0.020400 0.014400
0.023400 0.014400
0.026400 0.014400
0.029400 0.014400
0.032400 0.014400
0.035400 0.014400
0.038400 0.014400
0.041400 0.014400
0.044400 0.014400
0.047400 0.014400
0.050400 0.014400
0.002400 0.011400
0.005400 0.011400
0.008400 0.011400
0.011400 0.011400
0.014400 0.011400
0.017400 0.011400
0.020400 0.011400
0.023400 0.011400
0.026400 0.011400
0.029400 0.011400
0.032400 0.011400
0.035400 0.011400
0.038400 0.011400
0.041400 0.011400
0.044400 0.011400
0.047400 0.011400
0.050400 0.011400
0.002400 0.008400
0.005400 0.008400
0.008400 0.008400
0.011400 0.008400
0.014400 0.008400
0.017400 0.008400
0.020400 0.008400
0.023400 0.008400
0.026400 0.008400
0.029400 0.008400
0.032400 0.008400
0.035400 0.008400
0.038400 0.008400
0.041400 0.008400
0.044400 0.008400
0.047400 0.008400
0.050400 0.008400
0.002400 0.005400
0.005400 0.005400
0.008400 0.005400
0.011400 0.005400
0.014400 0.005400
0.017400 0.005400
0.020400 0.005400
0.023400 0.005400
0.026400 0.005400
0.029400 0.005400
0.032400 0.005400
0.035400 0.005400
0.038400 0.005400
0.041400 0.005400
0.044400 0.005400
0.047400 0.005400
0.050400 0.005400
0.002400 0.002400
0.005400 0.002400
0.008400 0.002400
0.011400 0.002400
0.014400 0.002400
0.017400 0.002400
0.020400 0.002400
0.023400 0.002400
0.026400 0.002400
0.029400 0.002400
0.032400 0.002400
0.035400 0.002400
0.038400 0.002400
0.041400 0.002400
0.044400 0.002400
0.047400 0.002400
0.050400 0.002400
-0.050400 0.002400
-0.050400 0.005400
-0.050400 0.008400
-0.050400 0.011400
-0.050400 0.014400
-0.050400 0.017400
-0.050400 0.020400
-0.050400 0.023400
-0.047400 0.002400
-0.047400 0.005400
-0.047400 0.008400
-0.047400 0.011400
-0.047400 0.014400
-0.047400 0.017400
-0.047400 0.020400
-0.047400 0.023400
-0.047400 0.026400
-0.044400 0.002400
-0.044400 0.005400
-0.044400 0.008400
-0.044400 0.011400
-0.044400 0.014400
-0.044400 0.017400
-0.044400 0.020400
-0.044400 0.023400
-0.044400 0.026400
-0.044400 0.029400
-0.044400 0.032400
-0.041400 0.002400
-0.041400 0.005400
-0.041400 0.008400
-0.041400 0.011400
-0.041400 0.014400
-0.041400 0.017400
-0.041400 0.020400
-0.041400 0.023400
-0.041400 0.026400
-0.041400 0.029400
-0.041400 0.032400
-0.041400 0.035400
-0.038400 0.002400
-0.038400 0.005400
-0.038400 0.008400
-0.038400 0.011400
-0.038400 0.014400
-0.038400 0.017400
-0.038400 0.020400
-0.038400 0.023400
-0.038400 0.026400
-0.038400 0.029400
-0.038400 0.032400
-0.038400 0.035400
-0.035400 0.002400
-0.035400 0.005400
-0.035400 0.008400
-0.035400 0.011400
-0.035400 0.014400
-0.035400 0.017400
-0.035400 0.020400
-0.035400 0.023400
-0.035400 0.026400
-0.035400 0.029400
-0.035400 0.032400
-0.035400 0.035400
-0.035400 0.038400
-0.035400 0.041400
-0.032400 0.002400
-0.032400 0.005400
-0.032400 0.008400
-0.032400 0.011400
-0.032400 0.014400
-0.032400 0.017400
-0.032400 0.020400
-0.032400 0.023400
-0.032400 0.026400
-0.032400 0.029400
-0.032400 0.032400
-0.032400 0.035400
-0.032400 0.038400
-0.032400 0.041400
-0.032400 0.044400
-0.029400 0.002400
-0.029400 0.005400
-0.029400 0.008400
-0.029400 0.011400
-0.029400 0.014400
-0.029400 0.017400
-0.029400 0.020400
-0.029400 0.023400
-0.029400 0.026400
-0.029400 0.029400
-0.029400 0.032400
-0.029400 0.035400
-0.029400 0.038400
-0.029400 0.041400
-0.029400 0.044400
-0.026400 0.002400
-0.026400 0.005400
-0.026400 0.008400
-0.026400 0.011400
-0.026400 0.014400
-0.026400 0.017400
-0.026400 0.020400
-0.026400 0.023400
-0.026400 0.026400
-0.026400 0.029400
-0.026400 0.032400
-0.026400 0.035400
-0.026400 0.038400
-0.026400 0.041400
-0.026400 0.044400
-0.026400 0.047400
-0.023400 0.002400
-0.023400 0.005400
-0.023400 0.008400
-0.023400 0.011400
-0.023400 0.014400
-0.023400 0.017400
-0.023400 0.020400
-0.023400 0.023400
-0.023400 0.026400
-0.023400 0.029400
-0.023400 0.032400
-0.023400 0.035400
-0.023400 0.038400
-0.023400 0.041400
-0.023400 0.044400
-0.023400 0.047400
-0.023400 0.050400
-0.020400 0.002400
-0.020400 0.005400
-0.020400 0.008400
-0.020400 0.011400
-0.020400 0.014400
-0.020400 0.017400
-0.020400 0.020400
-0.020400 0.023400
-0.020400 0.026400
-0.020400 0.029400
-0.020400 0.032400
-0.020400 0.035400
-0.020400 0.038400
-0.020400 0.041400
-0.020400 0.044400
-0.020400 0.047400
-0.020400 0.050400
-0.017400 0.002400
-0.017400 0.005400
-0.017400 0.008400
-0.017400 0.011400
-0.017400 0.014400
-0.017400 0.017400
-0.017400 0.020400
-0.017400 0.023400
-0.017400 0.026400
-0.017400 0.029400
-0.017400 0.032400
-0.017400 0.035400
-0.017400 0.038400
-0.017400 0.041400
-0.017400 0.044400
-0.017400 0.047400
-0.017400 0.050400
-0.014400 0.002400
-0.014400 0.005400
-0.014400 0.008400
-0.014400 0.011400
-0.014400 0.014400
-0.014400 0.017400
-0.014400 0.020400
-0.014400 0.023400
-0.014400 0.026400
-0.014400 0.029400
-0.014400 0.032400
-0.014400 0.035400
-0.014400 0.038400
-0.014400 0.041400
-0.014400 0.044400
-0.014400 0.047400
-0.014400 0.050400
-0.011400 0.002400
-0.011400 0.005400
-0.011400 0.008400
-0.011400 0.011400
-0.011400 0.014400
-0.011400 0.017400
-0.011400 0.020400
-0.011400 0.023400
-0.011400 0.026400
-0.011400 0.029400
-0.011400 0.032400
-0.011400 0.035400
-0.011400 0.038400
-0.011400 0.041400
-0.011400 0.044400
-0.011400 0.047400
-0.011400 0.050400
-0.008400 0.002400
-0.008400 0.005400
-0.008400 0.008400
-0.008400 0.011400
-0.008400 0.014400
-0.008400 0.017400
-0.008400 0.020400
-0.008400 0.023400
-0.008400 0.026400
-0.008400 0.029400
-0.008400 0.032400
-0.008400 0.035400
-0.008400 0.038400
-0.008400 0.041400
-0.008400 0.044400
-0.008400 0.047400
-0.008400 0.050400
-0.005400 0.002400
-0.005400 0.005400
-0.005400 0.008400
-0.005400 0.011400
-0.005400 0.014400
-0.005400 0.017400
-0.005400 0.020400
-0.005400 0.023400
-0.005400 0.026400
-0.005400 0.029400
-0.005400 0.032400
-0.005400 0.035400
-0.005400 0.038400
-0.005400 0.041400
-0.005400 0.044400
-0.005400 0.047400
-0.005400 0.050400
-0.002400 0.002400
-0.002400 0.005400
-0.002400 0.008400
-0.002400 0.011400
-0.002400 0.014400
-0.002400 0.017400
-0.002400 0.020400
-0.002400 0.023400
-0.002400 0.026400
-0.002400 0.029400
-0.002400 0.032400
-0.002400 0.035400
-0.002400 0.038400
-0.002400 0.041400
-0.002400 0.044400
-0.002400 0.047400
-0.002400 0.050400
-0.002400 -0.050400
-0.005400 -0.050400
-0.008400 -0.050400
-0.011400 -0.050400
-0.014400 -0.050400
-0.017400 -0.050400
-0.020400 -0.050400
-0.023400 -0.050400
-0.002400 -0.047400
-0.005400 -0.047400
-0.008400 -0.047400
-0.011400 -0.047400
-0.014400 -0.047400
-0.017400 -0.047400
-0.020400 -0.047400
-0.023400 -0.047400
-0.026400 -0.047400
-0.002400 -0.044400
-0.005400 -0.044400
-0.008400 -0.044400
-0.011400 -0.044400
-0.014400 -0.044400
-0.017400 -0.044400
-0.020400 -0.044400
-0.023400 -0.044400
-0.026400 -0.044400
-0.029400 -0.044400
-0.032400 -0.044400
-0.002400 -0.041400
-0.005400 -0.041400
-0.008400 -0.041400
-0.011400 -0.041400
-0.014400 -0.041400
-0.017400 -0.041400
-0.020400 -0.041400
-0.023400 -0.041400
-0.026400 -0.041400
-0.029400 -0.041400
-0.032400 -0.041400
-0.035400 -0.041400
-0.002400 -0.038400
-0.005400 -0.038400
-0.008400 -0.038400
-0.011400 -0.038400
-0.014400 -0.038400
-0.017400 -0.038400
-0.020400 -0.038400
-0.023400 -0.038400
-0.026400 -0.038400
-0.029400 -0.038400
-0.032400 -0.038400
-0.035400 -0.038400
-0.002400 -0.035400
-0.005400 -0.035400
-0.008400 -0.035400
-0.011400 -0.035400
-0.014400 -0.035400
-0.017400 -0.035400
-0.020400 -0.035400
-0.023400 -0.035400
-0.026400 -0.035400
-0.029400 -0.035400
-0.032400 -0.035400
-0.035400 -0.035400
-0.038400 -0.035400
-0.041400 -0.035400
-0.002400 -0.032400
-0.005400 -0.032400
-0.008400 -0.032400
-0.011400 -0.032400
-0.014400 -0.032400
-0.017400 -0.032400
-0.020400 -0.032400
-0.023400 -0.032400
-0.026400 -0.032400
-0.029400 -0.032400
-0.032400 -0.032400
-0.035400 -0.032400
-0.038400 -0.032400
-0.041400 -0.032400
-0.044400 -0.032400
-0.002400 -0.029400
-0.005400 -0.029400
-0.008400 -0.029400
-0.011400 -0.029400
-0.014400 -0.029400
-0.017400 -0.029400
-0.020400 -0.029400
-0.023400 -0.029400
-0.026400 -0.029400
-0.029400 -0.029400
-0.032400 -0.029400
-0.035400 -0.029400
-0.038400 -0.029400
-0.041400 -0.029400
-0.044400 -0.029400
-0.002400 -0.026400
-0.005400 -0.026400
-0.008400 -0.026400
-0.011400 -0.026400
-0.014400 -0.026400
-0.017400 -0.026400
-0.020400 -0.026400
-0.023400 -0.026400
-0.026400 -0.026400
-0.029400 -0.026400
-0.032400 -0.026400
-0.035400 -0.026400
-0.038400 -0.026400
-0.041400 -0.026400
-0.044400 -0.026400
-0.047400 -0.026400
-0.002400 -0.023400
-0.005400 -0.023400
-0.008400 -0.023400
-0.011400 -0.023400
-0.014400 -0.023400
-0.017400 -0.023400
-0.020400 -0.023400
-0.023400 -0.023400
-0.026400 -0.023400
-0.029400 -0.023400
-0.032400 -0.023400
-0.035400 -0.023400
-0.038400 -0.023400
-0.041400 -0.023400
-0.044400 -0.023400
-0.047400 -0.023400
-0.050400 -0.023400
-0.002400 -0.020400
-0.005400 -0.020400
-0.008400 -0.020400
-0.011400 -0.020400
-0.014400 -0.020400
-0.017400 -0.020400
-0.020400 -0.020400
-0.023400 -0.020400
-0.026400 -0.020400
-0.029400 -0.020400
-0.032400 -0.020400
-0.035400 -0.020400
-0.038400 -0.020400
-0.041400 -0.020400
-0.044400 -0.020400
-0.047400 -0.020400
-0.050400 -0.020400
-0.002400 -0.017400
-0.005400 -0.017400
-0.008400 -0.017400
-0.011400 -0.017400
-0.014400 -0.017400
-0.017400 -0.017400
-0.020400 -0.017400
-0.023400 -0.017400
-0.026400 -0.017400
-0.029400 -0.017400
-0.032400 -0.017400
-0.035400 -0.017400
-0.038400 -0.017400
-0.041400 -0.017400
-0.044400 -0.017400
-0.047400 -0.017400
-0.050400 -0.017400
-0.002400 -0.014400
-0.005400 -0.014400
-0.008400 -0.014400
-0.011400 -0.014400
-0.014400 -0.014400
-0.017400 -0.014400
-0.020400 -0.014400
-0.023400 -0.014400
-0.026400 -0.014400
-0.029400 -0.014400
-0.032400 -0.014400
-0.035400 -0.014400
-0.038400 -0.014400
-0.041400 -0.014400
-0.044400 -0.014400
-0.047400 -0.014400
-0.050400 -0.014400
-0.002400 -0.011400
-0.005400 -0.011400
-0.008400 -0.011400
-0.011400 -0.011400
-0.014400 -0.011400
-0.017400 -0.011400
-0.020400 -0.011400
-0.023400 -0.011400
-0.026400 -0.011400
-0.029400 -0.011400
-0.032400 -0.011400
-0.035400 -0.011400
-0.038400 -0.011400
-0.041400 -0.011400
-0.044400 -0.011400
-0.047400 -0.011400
-0.050400 -0.011400
-0.002400 -0.008400
-0.005400 -0.008400
-0.008400 -0.008400
-0.011400 -0.008400
-0.014400 -0.008400
-0.017400 -0.008400
-0.020400 -0.008400
-0.023400 -0.008400
-0.026400 -0.008400
-0.029400 -0.008400
-0.032400 -0.008400
-0.035400 -0.008400
-0.038400 -0.008400
-0.041400 -0.008400
-0.044400 -0.008400
-0.047400 -0.008400
-0.050400 -0.008400
-0.002400 -0.005400
-0.005400 -0.005400
-0.008400 -0.005400
-0.011400 -0.005400
-0.014400 -0.005400
-0.017400 -0.005400
-0.020400 -0.005400
-0.023400 -0.005400
-0.026400 -0.005400
-0.029400 -0.005400
-0.032400 -0.005400
-0.035400 -0.005400
-0.038400 -0.005400
-0.041400 -0.005400
-0.044400 -0.005400
-0.047400 -0.005400
-0.050400 -0.005400
-0.002400 -0.002400
-0.005400 -0.002400
-0.008400 -0.002400
-0.011400 -0.002400
-0.014400 -0.002400
-0.017400 -0.002400
-0.020400 -0.002400
-0.023400 -0.002400
-0.026400 -0.002400
-0.029400 -0.002400
-0.032400 -0.002400
-0.035400 -0.002400
-0.038400 -0.002400
-0.041400 -0.002400
-0.044400 -0.002400
-0.047400 -0.002400
-0.050400 -0.002400
0.050400 -0.002400
0.050400 -0.005400
0.050400 -0.008400
0.050400 -0.011400
0.050400 -0.014400
0.050400 -0.017400
0.050400 -0.020400
0.050400 -0.023400
0.047400 -0.002400
0.047400 -0.005400
0.047400 -0.008400
0.047400 -0.011400
0.047400 -0.014400
0.047400 -0.017400
0.047400 -0.020400
0.047400 -0.023400
0.047400 -0.026400
0.044400 -0.002400
0.044400 -0.005400
0.044400 -0.008400
0.044400 -0.011400
0.044400 -0.014400
0.044400 -0.017400
0.044400 -0.020400
0.044400 -0.023400
0.044400 -0.026400
0.044400 -0.029400
0.044400 -0.032400
0.041400 -0.002400
0.041400 -0.005400
0.041400 -0.008400
0.041400 -0.011400
0.041400 -0.014400
0.041400 -0.017400
0.041400 -0.020400
0.041400 -0.023400
0.041400 -0.026400
0.041400 -0.029400
0.041400 -0.032400
0.041400 -0.035400
0.038400 -0.002400
0.038400 -0.005400
0.038400 -0.008400
0.038400 -0.011400
0.038400 -0.014400
0.038400 -0.017400
0.038400 -0.020400
0.038400 -0.023400
0.038400 -0.026400
0.038400 -0.029400
0.038400 -0.032400
0.038400 -0.035400
0.035400 -0.002400
0.035400 -0.005400
0.035400 -0.008400
0.035400 -0.011400
0.035400 -0.014400
0.035400 -0.017400
0.035400 -0.020400
0.035400 -0.023400
0.035400 -0.026400
0.035400 -0.029400
0.035400 -0.032400
0.035400 -0.035400
0.035400 -0.038400
0.035400 -0.041400
0.032400 -0.002400
0.032400 -0.005400
0.032400 -0.008400
0.032400 -0.011400
0.032400 -0.014400
0.032400 -0.017400
0.032400 -0.020400
0.032400 -0.023400
0.032400 -0.026400
0.032400 -0.029400
0.032400 -0.032400
0.032400 -0.035400
0.032400 -0.038400
0.032400 -0.041400
0.032400 -0.044400
0.029400 -0.002400
0.029400 -0.005400
0.029400 -0.008400
0.029400 -0.011400
0.029400 -0.014400
0.029400 -0.017400
0.029400 -0.020400
0.029400 -0.023400
0.029400 -0.026400
0.029400 -0.029400
0.029400 -0.032400
0.029400 -0.035400
0.029400 -0.038400
0.029400 -0.041400
0.029400 -0.044400
0.026400 -0.002400
0.026400 -0.005400
0.026400 -0.008400
0.026400 -0.011400
0.026400 -0.014400
0.026400 -0.017400
0.026400 -0.020400
0.026400 -0.023400
0.026400 -0.026400
0.026400 -0.029400
0.026400 -0.032400
0.026400 -0.035400
0.026400 -0.038400
0.026400 -0.041400
0.026400 -0.044400
0.026400 -0.047400
0.023400 -0.002400
0.023400 -0.005400
0.023400 -0.008400
0.023400 -0.011400
0.023400 -0.014400
0.023400 -0.017400
0.023400 -0.020400
0.023400 -0.023400
0.023400 -0.026400
0.023400 -0.029400
0.023400 -0.032400
0.023400 -0.035400
0.023400 -0.038400
0.023400 -0.041400
0.023400 -0.044400
0.023400 -0.047400
0.023400 -0.050400
0.020400 -0.002400
0.020400 -0.005400
0.020400 -0.008400
0.020400 -0.011400
0.020400 -0.014400
0.020400 -0.017400
0.020400 -0.020400
0.020400 -0.023400
0.020400 -0.026400
0.020400 -0.029400
0.020400 -0.032400
0.020400 -0.035400
0.020400 -0.038400
0.020400 -0.041400
0.020400 -0.044400
0.020400 -0.047400
0.020400 -0.050400
0.017400 -0.002400
0.017400 -0.005400
0.017400 -0.008400
0.017400 -0.011400
0.017400 -0.014400
0.017400 -0.017400
0.017400 -0.020400
0.017400 -0.023400
0.017400 -0.026400
0.017400 -0.029400
0.017400 -0.032400
0.017400 -0.035400
0.017400 -0.038400
0.017400 -0.041400
0.017400 -0.044400
0.017400 -0.047400
0.017400 -0.050400
0.014400 -0.002400
0.014400 -0.005400
0.014400 -0.008400
0.014400 -0.011400
0.014400 -0.014400
0.014400 -0.017400
0.014400 -0.020400
0.014400 -0.023400
0.014400 -0.026400
0.014400 -0.029400
0.014400 -0.032400
0.014400 -0.035400
0.014400 -0.038400
0.014400 -0.041400
0.014400 -0.044400
0.014400 -0.047400
0.014400 -0.050400
0.011400 -0.002400
0.011400 -0.005400
0.011400 -0.008400
0.011400 -0.011400
0.011400 -0.014400
0.011400 -0.017400
0.011400 -0.020400
0.011400 -0.023400
0.011400 -0.026400
0.011400 -0.029400
0.011400 -0.032400
0.011400 -0.035400
0.011400 -0.038400
0.011400 -0.041400
0.011400 -0.044400
0.011400 -0.047400
0.011400 -0.050400
0.008400 -0.002400
0.008400 -0.005400
0.008400 -0.008400
0.008400 -0.011400
0.008400 -0.014400
0.008400 -0.017400
0.008400 -0.020400
0.008400 -0.023400
0.008400 -0.026400
0.008400 -0.029400
0.008400 -0.032400
0.008400 -0.035400
0.008400 -0.038400
0.008400 -0.041400
0.008400 -0.044400
0.008400 -0.047400
0.008400 -0.050400
0.005400 -0.002400
0.005400 -0.005400
0.005400 -0.008400
0.005400 -0.011400
0.005400 -0.014400
0.005400 -0.017400
0.005400 -0.020400
0.005400 -0.023400
0.005400 -0.026400
0.005400 -0.029400
0.005400 -0.032400
0.005400 -0.035400
0.005400 -0.038400
0.005400 -0.041400
0.005400 -0.044400
0.005400 -0.047400
0.005400 -0.050400
0.002400 -0.002400
0.002400 -0.005400
0.002400 -0.008400
0.002400 -0.011400
0.002400 -0.014400
0.002400 -0.017400
0.002400 -0.020400
0.002400 -0.023400
0.002400 -0.026400
0.002400 -0.029400
0.002400 -0.032400
0.002400 -0.035400
0.002400 -0.038400
0.002400 -0.041400
0.002400 -0.044400
0.002400 -0.047400
0.002400 -0.050400
