0.003750 0.051750
0.001050 0.051750
0.001050 0.049050
0.003750 0.049050
0.006750 0.051750
0.004050 0.051750
0.004050 0.049050
0.006750 0.049050
0.009750 0.051750
0.007050 0.051750
0.007050 0.049050
0.009750 0.049050
0.012750 0.051750
0.010050 0.051750
0.010050 0.049050
0.012750 0.049050
0.015750 0.051750
0.013050 0.051750
0.013050 0.049050
0.015750 0.049050
0.018750 0.051750
0.016050 0.051750
0.016050 0.049050
0.018750 0.049050
0.021750 0.051750
0.019050 0.051750
0.019050 0.049050
0.021750 0.049050
0.024750 0.051750
0.022050 0.051750
0.022050 0.049050
0.024750 0.049050
0.003750 0.048750
0.001050 0.048750
0.001050 0.046050
0.003750 0.046050
0.006750 0.048750
0.004050 0.048750
0.004050 0.046050
0.006750 0.046050
0.009750 0.048750
0.007050 0.048750
0.007050 0.046050
0.009750 0.046050
0.012750 0.048750
0.010050 0.048750
0.010050 0.046050
0.012750 0.046050
0.015750 0.048750
0.013050 0.048750
0.013050 0.046050
0.015750 0.046050
0.018750 0.048750
0.016050 0.048750
0.016050 0.046050
0.018750 0.046050
0.021750 0.048750
0.019050 0.048750
0.019050 0.046050
0.021750 0.046050
0.024750 0.048750
0.022050 0.048750
0.022050 0.046050
0.024750 0.046050
0.027750 0.048750
0.025050 0.048750
0.025050 0.046050
0.027750 0.046050
0.003750 0.045750
0.001050 0.045750
0.001050 0.043050
0.003750 0.043050
0.006750 0.045750
0.004050 0.045750
0.004050 0.043050
0.006750 0.043050
0.009750 0.045750
0.007050 0.045750
0.007050 0.043050
0.009750 0.043050
0.012750 0.045750
0.010050 0.045750
0.010050 0.043050
0.012750 0.043050
0.015750 0.045750
0.013050 0.045750
0.013050 0.043050
0.015750 0.043050
0.018750 0.045750
0.016050 0.045750
0.016050 0.043050
0.018750 0.043050
0.021750 0.045750
0.019050 0.045750
0.019050 0.043050
0.021750 0.043050
0.024750 0.045750
0.022050 0.045750
0.022050 0.043050
0.024750 0.043050
0.027750 0.045750
0.025050 0.045750
0.025050 0.043050
0.027750 0.043050
0.030750 0.045750
0.028050 0.045750
0.028050 0.043050
0.030750 0.043050
0.033750 0.045750
0.031050 0.045750
0.031050 0.043050
0.033750 0.043050
0.003750 0.042750
0.001050 0.042750
0.001050 0.040050
0.003750 0.040050
0.006750 0.042750
0.004050 0.042750
0.004050 0.040050
0.006750 0.040050
0.009750 0.042750
0.007050 0.042750
0.007050 0.040050
0.009750 0.040050
0.012750 0.042750
0.010050 0.042750
0.010050 0.040050
0.012750 0.040050
0.015750 0.042750
0.013050 0.042750
0.013050 0.040050
0.015750 0.040050
0.018750 0.042750
0.016050 0.042750
0.016050 0.040050
0.018750 0.040050
0.021750 0.042750
0.019050 0.042750
0.019050 0.040050
0.021750 0.040050
0.024750 0.042750
0.022050 0.042750
0.022050 0.040050
0.024750 0.040050
0.027750 0.042750
0.025050 0.042750
0.025050 0.040050
0.027750 0.040050
0.030750 0.042750
0.028050 0.042750
0.028050 0.040050
0.030750 0.040050
0.033750 0.042750
0.031050 0.042750
0.031050 0.040050
0.033750 0.040050
0.036750 0.042750
0.034050 0.042750
0.034050 0.040050
0.036750 0.040050
0.003750 0.039750
0.001050 0.039750
0.001050 0.037050
0.003750 0.037050
0.006750 0.039750
0.004050 0.039750
0.004050 0.037050
0.006750 0.037050
0.009750 0.039750
0.007050 0.039750
0.007050 0.037050
0.009750 0.037050
0.012750 0.039750
0.010050 0.039750
0.010050 0.037050
0.012750 0.037050
0.015750 0.039750
0.013050 0.039750
0.013050 0.037050
0.015750 0.037050
0.018750 0.039750
0.016050 0.039750
0.016050 0.037050
0.018750 0.037050
0.021750 0.039750
0.019050 0.039750
0.019050 0.037050
0.021750 0.037050
0.024750 0.039750
0.022050 0.039750
0.022050 0.037050
0.024750 0.037050
0.027750 0.039750
0.025050 0.039750
0.025050 0.037050
0.027750 0.037050
0.030750 0.039750
0.028050 0.039750
0.028050 0.037050
0.030750 0.037050
0.033750 0.039750
0.031050 0.039750
0.031050 0.037050
0.033750 0.037050
0.036750 0.039750
0.034050 0.039750
0.034050 0.037050
0.036750 0.037050
0.003750 0.036750
0.001050 0.036750
0.001050 0.034050
0.003750 0.034050
0.006750 0.036750
0.004050 0.036750
0.004050 0.034050
0.006750 0.034050
0.009750 0.036750
0.007050 0.036750
0.007050 0.034050
0.009750 0.034050
0.012750 0.036750
0.010050 0.036750
0.010050 0.034050
0.012750 0.034050
0.015750 0.036750
0.013050 0.036750
0.013050 0.034050
0.015750 0.034050
0.018750 0.036750
0.016050 0.036750
0.016050 0.034050
0.018750 0.034050
0.021750 0.036750
0.019050 0.036750
0.019050 0.034050
0.021750 0.034050
0.024750 0.036750
0.022050 0.036750
0.022050 0.034050
0.024750 0.034050
0.027750 0.036750
0.025050 0.036750
0.025050 0.034050
0.027750 0.034050
0.030750 0.036750
0.028050 0.036750
0.028050 0.034050
0.030750 0.034050
0.033750 0.036750
0.031050 0.036750
0.031050 0.034050
0.033750 0.034050
0.036750 0.036750
0.034050 0.036750
0.034050 0.034050
0.036750 0.034050
0.039750 0.036750
0.037050 0.036750
0.037050 0.034050
0.039750 0.034050
0.042750 0.036750
0.040050 0.036750
0.040050 0.034050
0.042750 0.034050
0.003750 0.033750
0.001050 0.033750
0.001050 0.031050
0.003750 0.031050
0.006750 0.033750
0.004050 0.033750
0.004050 0.031050
0.006750 0.031050
0.009750 0.033750
0.007050 0.033750
0.007050 0.031050
0.009750 0.031050
0.012750 0.033750
0.010050 0.033750
0.010050 0.031050
0.012750 0.031050
0.015750 0.033750
0.013050 0.033750
0.013050 0.031050
0.015750 0.031050
0.018750 0.033750
0.016050 0.033750
0.016050 0.031050
0.018750 0.031050
0.021750 0.033750
0.019050 0.033750
0.019050 0.031050
0.021750 0.031050
0.024750 0.033750
0.022050 0.033750
0.022050 0.031050
0.024750 0.031050
0.027750 0.033750
0.025050 0.033750
0.025050 0.031050
0.027750 0.031050
0.030750 0.033750
0.028050 0.033750
0.028050 0.031050
0.030750 0.031050
0.033750 0.033750
0.031050 0.033750
0.031050 0.031050
0.033750 0.031050
0.036750 0.033750
0.034050 0.033750
0.034050 0.031050
0.036750 0.031050
0.039750 0.033750
0.037050 0.033750
0.037050 0.031050
0.039750 0.031050
0.042750 0.033750
0.040050 0.033750
0.040050 0.031050
0.042750 0.031050
0.045750 0.033750
0.043050 0.033750
0.043050 0.031050
0.045750 0.031050
0.003750 0.030750
0.001050 0.030750
0.001050 0.028050
0.003750 0.028050
0.006750 0.030750
0.004050 0.030750
0.004050 0.028050
0.006750 0.028050
0.009750 0.030750
0.007050 0.030750
0.007050 0.028050
0.009750 0.028050
0.012750 0.030750
0.010050 0.030750
0.010050 0.028050
0.012750 0.028050
0.015750 0.030750
0.013050 0.030750
0.013050 0.028050
0.015750 0.028050
0.018750 0.030750
0.016050 0.030750
0.016050 0.028050
0.018750 0.028050
0.021750 0.030750
0.019050 0.030750
0.019050 0.028050
0.021750 0.028050
0.024750 0.030750
0.022050 0.030750
0.022050 0.028050
0.024750 0.028050
0.027750 0.030750
0.025050 0.030750
0.025050 0.028050
0.027750 0.028050
0.030750 0.030750
0.028050 0.030750
0.028050 0.028050
0.030750 0.028050
0.033750 0.030750
0.031050 0.030750
0.031050 0.028050
0.033750 0.028050
0.036750 0.030750
0.034050 0.030750
0.034050 0.028050
0.036750 0.028050
0.039750 0.030750
0.037050 0.030750
0.037050 0.028050
0.039750 0.028050
0.042750 0.030750
0.040050 0.030750
0.040050 0.028050
0.042750 0.028050
0.045750 0.030750
0.043050 0.030750
0.043050 0.028050
0.045750 0.028050
0.003750 0.027750
0.001050 0.027750
0.001050 0.025050
0.003750 0.025050
0.006750 0.027750
0.004050 0.027750
0.004050 0.025050
0.006750 0.025050
0.009750 0.027750
0.007050 0.027750
0.007050 0.025050
0.009750 0.025050
0.012750 0.027750
0.010050 0.027750
0.010050 0.025050
0.012750 0.025050
0.015750 0.027750
0.013050 0.027750
0.013050 0.025050
0.015750 0.025050
0.018750 0.027750
0.016050 0.027750
0.016050 0.025050
0.018750 0.025050
0.021750 0.027750
0.019050 0.027750
0.019050 0.025050
0.021750 0.025050
0.024750 0.027750
0.022050 0.027750
0.022050 0.025050
0.024750 0.025050
0.027750 0.027750
0.025050 0.027750
0.025050 0.025050
0.027750 0.025050
0.030750 0.027750
0.028050 0.027750
0.028050 0.025050
0.030750 0.025050
0.033750 0.027750
0.031050 0.027750
0.031050 0.025050
0.033750 0.025050
0.036750 0.027750
0.034050 0.027750
0.034050 0.025050
0.036750 0.025050
0.039750 0.027750
0.037050 0.027750
0.037050 0.025050
0.039750 0.025050
0.042750 0.027750
0.040050 0.027750
0.040050 0.025050
0.042750 0.025050
0.045750 0.027750
0.043050 0.027750
0.043050 0.025050
0.045750 0.025050
0.048750 0.027750
0.046050 0.027750
0.046050 0.025050
0.048750 0.025050
0.003750 0.024750
0.001050 0.024750
0.001050 0.022050
0.003750 0.022050
0.006750 0.024750
0.004050 0.024750
0.004050 0.022050
0.006750 0.022050
0.009750 0.024750
0.007050 0.024750
0.007050 0.022050
0.009750 0.022050
0.012750 0.024750
0.010050 0.024750
0.010050 0.022050
0.012750 0.022050
0.015750 0.024750
0.013050 0.024750
0.013050 0.022050
0.015750 0.022050
0.018750 0.024750
0.016050 0.024750
0.016050 0.022050
0.018750 0.022050
0.021750 0.024750
0.019050 0.024750
0.019050 0.022050
0.021750 0.022050
0.024750 0.024750
0.022050 0.024750
0.022050 0.022050
0.024750 0.022050
0.027750 0.024750
0.025050 0.024750
0.025050 0.022050
0.027750 0.022050
0.030750 0.024750
0.028050 0.024750
0.028050 0.022050
0.030750 0.022050
0.033750 0.024750
0.031050 0.024750
0.031050 0.022050
0.033750 0.022050
0.036750 0.024750
0.034050 0.024750
0.034050 0.022050
0.036750 0.022050
0.039750 0.024750
0.037050 0.024750
0.037050 0.022050
0.039750 0.022050
0.042750 0.024750
0.040050 0.024750
0.040050 0.022050
0.042750 0.022050
0.045750 0.024750
0.043050 0.024750
0.043050 0.022050
0.045750 0.022050
0.048750 0.024750
0.046050 0.024750
0.046050 0.022050
0.048750 0.022050
0.051750 0.024750
0.049050 0.024750
0.049050 0.022050
0.051750 0.022050
0.003750 0.021750
0.001050 0.021750
0.001050 0.019050
0.003750 0.019050
0.006750 0.021750
0.004050 0.021750
0.004050 0.019050
0.006750 0.019050
0.009750 0.021750
0.007050 0.021750
0.007050 0.019050
0.009750 0.019050
0.012750 0.021750
0.010050 0.021750
0.010050 0.019050
0.012750 0.019050
0.015750 0.021750
0.013050 0.021750
0.013050 0.019050
0.015750 0.019050
0.018750 0.021750
0.016050 0.021750
0.016050 0.019050
0.018750 0.019050
0.021750 0.021750
0.019050 0.021750
0.019050 0.019050
0.021750 0.019050
0.024750 0.021750
0.022050 0.021750
0.022050 0.019050
0.024750 0.019050
0.027750 0.021750
0.025050 0.021750
0.025050 0.019050
0.027750 0.019050
0.030750 0.021750
0.028050 0.021750
0.028050 0.019050
0.030750 0.019050
0.033750 0.021750
0.031050 0.021750
0.031050 0.019050
0.033750 0.019050
0.036750 0.021750
0.034050 0.021750
0.034050 0.019050
0.036750 0.019050
0.039750 0.021750
0.037050 0.021750
0.037050 0.019050
0.039750 0.019050
0.042750 0.021750
0.040050 0.021750
0.040050 0.019050
0.042750 0.019050
0.045750 0.021750
0.043050 0.021750
0.043050 0.019050
0.045750 0.019050
0.048750 0.021750
0.046050 0.021750
0.046050 0.019050
0.048750 0.019050
0.051750 0.021750
0.049050 0.021750
0.049050 0.019050
0.051750 0.019050
0.003750 0.018750
0.001050 0.018750
0.001050 0.016050
0.003750 0.016050
0.006750 0.018750
0.004050 0.018750
0.004050 0.016050
0.006750 0.016050
0.009750 0.018750
0.007050 0.018750
0.007050 0.016050
0.009750 0.016050
0.012750 0.018750
0.010050 0.018750
0.010050 0.016050
0.012750 0.016050
0.015750 0.018750
0.013050 0.018750
0.013050 0.016050
0.015750 0.016050
0.018750 0.018750
0.016050 0.018750
0.016050 0.016050
0.018750 0.016050
0.021750 0.018750
0.019050 0.018750
0.019050 0.016050
0.021750 0.016050
0.024750 0.018750
0.022050 0.018750
0.022050 0.016050
0.024750 0.016050
0.027750 0.018750
0.025050 0.018750
0.025050 0.016050
0.027750 0.016050
0.030750 0.018750
0.028050 0.018750
0.028050 0.016050
0.030750 0.016050
0.033750 0.018750
0.031050 0.018750
0.031050 0.016050
0.033750 0.016050
0.036750 0.018750
0.034050 0.018750
0.034050 0.016050
0.036750 0.016050
0.039750 0.018750
0.037050 0.018750
0.037050 0.016050
0.039750 0.016050
0.042750 0.018750
0.040050 0.018750
0.040050 0.016050
0.042750 0.016050
0.045750 0.018750
0.043050 0.018750
0.043050 0.016050
0.045750 0.016050
0.048750 0.018750
0.046050 0.018750
0.046050 0.016050
0.048750 0.016050
0.051750 0.018750
0.049050 0.018750
0.049050 0.016050
0.051750 0.016050
0.003750 0.015750
0.001050 0.015750
0.001050 0.013050
0.003750 0.013050
0.006750 0.015750
0.004050 0.015750
0.004050 0.013050
0.006750 0.013050
0.009750 0.015750
0.007050 0.015750
0.007050 0.013050
0.009750 0.013050
0.012750 0.015750
0.010050 0.015750
0.010050 0.013050
0.012750 0.013050
0.015750 0.015750
0.013050 0.015750
0.013050 0.013050
0.015750 0.013050
0.018750 0.015750
0.016050 0.015750
0.016050 0.013050
0.018750 0.013050
0.021750 0.015750
0.019050 0.015750
0.019050 0.013050
0.021750 0.013050
0.024750 0.015750
0.022050 0.015750
0.022050 0.013050
0.024750 0.013050
0.027750 0.015750
0.025050 0.015750
0.025050 0.013050
0.027750 0.013050
0.030750 0.015750
0.028050 0.015750
0.028050 0.013050
0.030750 0.013050
0.033750 0.015750
0.031050 0.015750
0.031050 0.013050
0.033750 0.013050
0.036750 0.015750
0.034050 0.015750
0.034050 0.013050
0.036750 0.013050
0.039750 0.015750
0.037050 0.015750
0.037050 0.013050
0.039750 0.013050
0.042750 0.015750
0.040050 0.015750
0.040050 0.013050
0.042750 0.013050
0.045750 0.015750
0.043050 0.015750
0.043050 0.013050
0.045750 0.013050
0.048750 0.015750
0.046050 0.015750
0.046050 0.013050
0.048750 0.013050
0.051750 0.015750
0.049050 0.015750
0.049050 0.013050
0.051750 0.013050
0.003750 0.012750
0.001050 0.012750
0.001050 0.010050
0.003750 0.010050
0.006750 0.012750
0.004050 0.012750
0.004050 0.010050
0.006750 0.010050
0.009750 0.012750
0.007050 0.012750
0.007050 0.010050
0.009750 0.010050
0.012750 0.012750
0.010050 0.012750
0.010050 0.010050
0.012750 0.010050
0.015750 0.012750
0.013050 0.012750
0.013050 0.010050
0.015750 0.010050
0.018750 0.012750
0.016050 0.012750
0.016050 0.010050
0.018750 0.010050
0.021750 0.012750
0.019050 0.012750
0.019050 0.010050
0.021750 0.010050
0.024750 0.012750
0.022050 0.012750
0.022050 0.010050
0.024750 0.010050
0.027750 0.012750
0.025050 0.012750
0.025050 0.010050
0.027750 0.010050
0.030750 0.012750
0.028050 0.012750
0.028050 0.010050
0.030750 0.010050
0.033750 0.012750
0.031050 0.012750
0.031050 0.010050
0.033750 0.010050
0.036750 0.012750
0.034050 0.012750
0.034050 0.010050
0.036750 0.010050
0.039750 0.012750
0.037050 0.012750
0.037050 0.010050
0.039750 0.010050
0.042750 0.012750
0.040050 0.012750
0.040050 0.010050
0.042750 0.010050
0.045750 0.012750
0.043050 0.012750
0.043050 0.010050
0.045750 0.010050
0.048750 0.012750
0.046050 0.012750
0.046050 0.010050
0.048750 0.010050
0.051750 0.012750
0.049050 0.012750
0.049050 0.010050
0.051750 0.010050
0.003750 0.009750
0.001050 0.009750
0.001050 0.007050
0.003750 0.007050
0.006750 0.009750
0.004050 0.009750
0.004050 0.007050
0.006750 0.007050
0.009750 0.009750
0.007050 0.009750
0.007050 0.007050
0.009750 0.007050
0.012750 0.009750
0.010050 0.009750
0.010050 0.007050
0.012750 0.007050
0.015750 0.009750
0.013050 0.009750
0.013050 0.007050
0.015750 0.007050
0.018750 0.009750
0.016050 0.009750
0.016050 0.007050
0.018750 0.007050
0.021750 0.009750
0.019050 0.009750
0.019050 0.007050
0.021750 0.007050
0.024750 0.009750
0.022050 0.009750
0.022050 0.007050
0.024750 0.007050
0.027750 0.009750
0.025050 0.009750
0.025050 0.007050
0.027750 0.007050
0.030750 0.009750
0.028050 0.009750
0.028050 0.007050
0.030750 0.007050
0.033750 0.009750
0.031050 0.009750
0.031050 0.007050
0.033750 0.007050
0.036750 0.009750
0.034050 0.009750
0.034050 0.007050
0.036750 0.007050
0.039750 0.009750
0.037050 0.009750
0.037050 0.007050
0.039750 0.007050
0.042750 0.009750
0.040050 0.009750
0.040050 0.007050
0.042750 0.007050
0.045750 0.009750
0.043050 0.009750
0.043050 0.007050
0.045750 0.007050
0.048750 0.009750
0.046050 0.009750
0.046050 0.007050
0.048750 0.007050
0.051750 0.009750
0.049050 0.009750
0.049050 0.007050
0.051750 0.007050
0.003750 0.006750
0.001050 0.006750
0.001050 0.004050
0.003750 0.004050
0.006750 0.006750
0.004050 0.006750
0.004050 0.004050
0.006750 0.004050
0.009750 0.006750
0.007050 0.006750
0.007050 0.004050
0.009750 0.004050
0.012750 0.006750
0.010050 0.006750
0.010050 0.004050
0.012750 0.004050
0.015750 0.006750
0.013050 0.006750
0.013050 0.004050
0.015750 0.004050
0.018750 0.006750
0.016050 0.006750
0.016050 0.004050
0.018750 0.004050
0.021750 0.006750
0.019050 0.006750
0.019050 0.004050
0.021750 0.004050
0.024750 0.006750
0.022050 0.006750
0.022050 0.004050
0.024750 0.004050
0.027750 0.006750
0.025050 0.006750
0.025050 0.004050
0.027750 0.004050
0.030750 0.006750
0.028050 0.006750
0.028050 0.004050
0.030750 0.004050
0.033750 0.006750
0.031050 0.006750
0.031050 0.004050
0.033750 0.004050
0.036750 0.006750
0.034050 0.006750
0.034050 0.004050
0.036750 0.004050
0.039750 0.006750
0.037050 0.006750
0.037050 0.004050
0.039750 0.004050
0.042750 0.006750
0.040050 0.006750
0.040050 0.004050
0.042750 0.004050
0.045750 0.006750
0.043050 0.006750
0.043050 0.004050
0.045750 0.004050
0.048750 0.006750
0.046050 0.006750
0.046050 0.004050
0.048750 0.004050
0.051750 0.006750
0.049050 0.006750
0.049050 0.004050
0.051750 0.004050
0.003750 0.003750
0.001050 0.003750
0.001050 0.001050
0.003750 0.001050
0.006750 0.003750
0.004050 0.003750
0.004050 0.001050
0.006750 0.001050
0.009750 0.003750
0.007050 0.003750
0.007050 0.001050
0.009750 0.001050
0.012750 0.003750
0.010050 0.003750
0.010050 0.001050
0.012750 0.001050
0.015750 0.003750
0.013050 0.003750
0.013050 0.001050
0.015750 0.001050
0.018750 0.003750
0.016050 0.003750
0.016050 0.001050
0.018750 0.001050
0.021750 0.003750
0.019050 0.003750
0.019050 0.001050
0.021750 0.001050
0.024750 0.003750
0.022050 0.003750
0.022050 0.001050
0.024750 0.001050
0.027750 0.003750
0.025050 0.003750
0.025050 0.001050
0.027750 0.001050
0.030750 0.003750
0.028050 0.003750
0.028050 0.001050
0.030750 0.001050
0.033750 0.003750
0.031050 0.003750
0.031050 0.001050
0.033750 0.001050
0.036750 0.003750
0.034050 0.003750
0.034050 0.001050
0.036750 0.001050
0.039750 0.003750
0.037050 0.003750
0.037050 0.001050
0.039750 0.001050
0.042750 0.003750
0.040050 0.003750
0.040050 0.001050
0.042750 0.001050
0.045750 0.003750
0.043050 0.003750
0.043050 0.001050
0.045750 0.001050
0.048750 0.003750
0.046050 0.003750
0.046050 0.001050
0.048750 0.001050
0.051750 0.003750
0.049050 0.003750
0.049050 0.001050
0.051750 0.001050
-0.049050 0.003750
-0.051750 0.003750
-0.051750 0.001050
-0.049050 0.001050
-0.049050 0.006750
-0.051750 0.006750
-0.051750 0.004050
-0.049050 0.004050
-0.049050 0.009750
-0.051750 0.009750
-0.051750 0.007050
-0.049050 0.007050
-0.049050 0.012750
-0.051750 0.012750
-0.051750 0.010050
-0.049050 0.010050
-0.049050 0.015750
-0.051750 0.015750
-0.051750 0.013050
-0.049050 0.013050
-0.049050 0.018750
-0.051750 0.018750
-0.051750 0.016050
-0.049050 0.016050
-0.049050 0.021750
-0.051750 0.021750
-0.051750 0.019050
-0.049050 0.019050
-0.049050 0.024750
-0.051750 0.024750
-0.051750 0.022050
-0.049050 0.022050
-0.046050 0.003750
-0.048750 0.003750
-0.048750 0.001050
-0.046050 0.001050
-0.046050 0.006750
-0.048750 0.006750
-0.048750 0.004050
-0.046050 0.004050
-0.046050 0.009750
-0.048750 0.009750
-0.048750 0.007050
-0.046050 0.007050
-0.046050 0.012750
-0.048750 0.012750
-0.048750 0.010050
-0.046050 0.010050
-0.046050 0.015750
-0.048750 0.015750
-0.048750 0.013050
-0.046050 0.013050
-0.046050 0.018750
-0.048750 0.018750
-0.048750 0.016050
-0.046050 0.016050
-0.046050 0.021750
-0.048750 0.021750
-0.048750 0.019050
-0.046050 0.019050
-0.046050 0.024750
-0.048750 0.024750
-0.048750 0.022050
-0.046050 0.022050
-0.046050 0.027750
-0.048750 0.027750
-0.048750 0.025050
-0.046050 0.025050
-0.043050 0.003750
-0.045750 0.003750
-0.045750 0.001050
-0.043050 0.001050
-0.043050 0.006750
-0.045750 0.006750
-0.045750 0.004050
-0.043050 0.004050
-0.043050 0.009750
-0.045750 0.009750
-0.045750 0.007050
-0.043050 0.007050
-0.043050 0.012750
-0.045750 0.012750
-0.045750 0.010050
-0.043050 0.010050
-0.043050 0.015750
-0.045750 0.015750
-0.045750 0.013050
-0.043050 0.013050
-0.043050 0.018750
-0.045750 0.018750
-0.045750 0.016050
-0.043050 0.016050
-0.043050 0.021750
-0.045750 0.021750
-0.045750 0.019050
-0.043050 0.019050
-0.043050 0.024750
-0.045750 0.024750
-0.045750 0.022050
-0.043050 0.022050
-0.043050 0.027750
-0.045750 0.027750
-0.045750 0.025050
-0.043050 0.025050
-0.043050 0.030750
-0.045750 0.030750
-0.045750 0.028050
-0.043050 0.028050
-0.043050 0.033750
-0.045750 0.033750
-0.045750 0.031050
-0.043050 0.031050
-0.040050 0.003750
-0.042750 0.003750
-0.042750 0.001050
-0.040050 0.001050
-0.040050 0.006750
-0.042750 0.006750
-0.042750 0.004050
-0.040050 0.004050
-0.040050 0.009750
-0.042750 0.009750
-0.042750 0.007050
-0.040050 0.007050
-0.040050 0.012750
-0.042750 0.012750
-0.042750 0.010050
-0.040050 0.010050
-0.040050 0.015750
-0.042750 0.015750
-0.042750 0.013050
-0.040050 0.013050
-0.040050 0.018750
-0.042750 0.018750
-0.042750 0.016050
-0.040050 0.016050
-0.040050 0.021750
-0.042750 0.021750
-0.042750 0.019050
-0.040050 0.019050
-0.040050 0.024750
-0.042750 0.024750
-0.042750 0.022050
-0.040050 0.022050
-0.040050 0.027750
-0.042750 0.027750
-0.042750 0.025050
-0.040050 0.025050
-0.040050 0.030750
-0.042750 0.030750
-0.042750 0.028050
-0.040050 0.028050
-0.040050 0.033750
-0.042750 0.033750
-0.042750 0.031050
-0.040050 0.031050
-0.040050 0.036750
-0.042750 0.036750
-0.042750 0.034050
-0.040050 0.034050
-0.037050 0.003750
-0.039750 0.003750
-0.039750 0.001050
-0.037050 0.001050
-0.037050 0.006750
-0.039750 0.006750
-0.039750 0.004050
-0.037050 0.004050
-0.037050 0.009750
-0.039750 0.009750
-0.039750 0.007050
-0.037050 0.007050
-0.037050 0.012750
-0.039750 0.012750
-0.039750 0.010050
-0.037050 0.010050
-0.037050 0.015750
-0.039750 0.015750
-0.039750 0.013050
-0.037050 0.013050
-0.037050 0.018750
-0.039750 0.018750
-0.039750 0.016050
-0.037050 0.016050
-0.037050 0.021750
-0.039750 0.021750
-0.039750 0.019050
-0.037050 0.019050
-0.037050 0.024750
-0.039750 0.024750
-0.039750 0.022050
-0.037050 0.022050
-0.037050 0.027750
-0.039750 0.027750
-0.039750 0.025050
-0.037050 0.025050
-0.037050 0.030750
-0.039750 0.030750
-0.039750 0.028050
-0.037050 0.028050
-0.037050 0.033750
-0.039750 0.033750
-0.039750 0.031050
-0.037050 0.031050
-0.037050 0.036750
-0.039750 0.036750
-0.039750 0.034050
-0.037050 0.034050
-0.034050 0.003750
-0.036750 0.003750
-0.036750 0.001050
-0.034050 0.001050
-0.034050 0.006750
-0.036750 0.006750
-0.036750 0.004050
-0.034050 0.004050
-0.034050 0.009750
-0.036750 0.009750
-0.036750 0.007050
-0.034050 0.007050
-0.034050 0.012750
-0.036750 0.012750
-0.036750 0.010050
-0.034050 0.010050
-0.034050 0.015750
-0.036750 0.015750
-0.036750 0.013050
-0.034050 0.013050
-0.034050 0.018750
-0.036750 0.018750
-0.036750 0.016050
-0.034050 0.016050
-0.034050 0.021750
-0.036750 0.021750
-0.036750 0.019050
-0.034050 0.019050
-0.034050 0.024750
-0.036750 0.024750
-0.036750 0.022050
-0.034050 0.022050
-0.034050 0.027750
-0.036750 0.027750
-0.036750 0.025050
-0.034050 0.025050
-0.034050 0.030750
-0.036750 0.030750
-0.036750 0.028050
-0.034050 0.028050
-0.034050 0.033750
-0.036750 0.033750
-0.036750 0.031050
-0.034050 0.031050
-0.034050 0.036750
-0.036750 0.036750
-0.036750 0.034050
-0.034050 0.034050
-0.034050 0.039750
-0.036750 0.039750
-0.036750 0.037050
-0.034050 0.037050
-0.034050 0.042750
-0.036750 0.042750
-0.036750 0.040050
-0.034050 0.040050
-0.031050 0.003750
-0.033750 0.003750
-0.033750 0.001050
-0.031050 0.001050
-0.031050 0.006750
-0.033750 0.006750
-0.033750 0.004050
-0.031050 0.004050
-0.031050 0.009750
-0.033750 0.009750
-0.033750 0.007050
-0.031050 0.007050
-0.031050 0.012750
-0.033750 0.012750
-0.033750 0.010050
-0.031050 0.010050
-0.031050 0.015750
-0.033750 0.015750
-0.033750 0.013050
-0.031050 0.013050
-0.031050 0.018750
-0.033750 0.018750
-0.033750 0.016050
-0.031050 0.016050
-0.031050 0.021750
-0.033750 0.021750
-0.033750 0.019050
-0.031050 0.019050
-0.031050 0.024750
-0.033750 0.024750
-0.033750 0.022050
-0.031050 0.022050
-0.031050 0.027750
-0.033750 0.027750
-0.033750 0.025050
-0.031050 0.025050
-0.031050 0.030750
-0.033750 0.030750
-0.033750 0.028050
-0.031050 0.028050
-0.031050 0.033750
-0.033750 0.033750
-0.033750 0.031050
-0.031050 0.031050
-0.031050 0.036750
-0.033750 0.036750
-0.033750 0.034050
-0.031050 0.034050
-0.031050 0.039750
-0.033750 0.039750
-0.033750 0.037050
-0.031050 0.037050
-0.031050 0.042750
-0.033750 0.042750
-0.033750 0.040050
-0.031050 0.040050
-0.031050 0.045750
-0.033750 0.045750
-0.033750 0.043050
-0.031050 0.043050
-0.028050 0.003750
-0.030750 0.003750
-0.030750 0.001050
-0.028050 0.001050
-0.028050 0.006750
-0.030750 0.006750
-0.030750 0.004050
-0.028050 0.004050
-0.028050 0.009750
-0.030750 0.009750
-0.030750 0.007050
-0.028050 0.007050
-0.028050 0.012750
-0.030750 0.012750
-0.030750 0.010050
-0.028050 0.010050
-0.028050 0.015750
-0.030750 0.015750
-0.030750 0.013050
-0.028050 0.013050
-0.028050 0.018750
-0.030750 0.018750
-0.030750 0.016050
-0.028050 0.016050
-0.028050 0.021750
-0.030750 0.021750
-0.030750 0.019050
-0.028050 0.019050
-0.028050 0.024750
-0.030750 0.024750
-0.030750 0.022050
-0.028050 0.022050
-0.028050 0.027750
-0.030750 0.027750
-0.030750 0.025050
-0.028050 0.025050
-0.028050 0.030750
-0.030750 0.030750
-0.030750 0.028050
-0.028050 0.028050
-0.028050 0.033750
-0.030750 0.033750
-0.030750 0.031050
-0.028050 0.031050
-0.028050 0.036750
-0.030750 0.036750
-0.030750 0.034050
-0.028050 0.034050
-0.028050 0.039750
-0.030750 0.039750
-0.030750 0.037050
-0.028050 0.037050
-0.028050 0.042750
-0.030750 0.042750
-0.030750 0.040050
-0.028050 0.040050
-0.028050 0.045750
-0.030750 0.045750
-0.030750 0.043050
-0.028050 0.043050
-0.025050 0.003750
-0.027750 0.003750
-0.027750 0.001050
-0.025050 0.001050
-0.025050 0.006750
-0.027750 0.006750
-0.027750 0.004050
-0.025050 0.004050
-0.025050 0.009750
-0.027750 0.009750
-0.027750 0.007050
-0.025050 0.007050
-0.025050 0.012750
-0.027750 0.012750
-0.027750 0.010050
-0.025050 0.010050
-0.025050 0.015750
-0.027750 0.015750
-0.027750 0.013050
-0.025050 0.013050
-0.025050 0.018750
-0.027750 0.018750
-0.027750 0.016050
-0.025050 0.016050
-0.025050 0.021750
-0.027750 0.021750
-0.027750 0.019050
-0.025050 0.019050
-0.025050 0.024750
-0.027750 0.024750
-0.027750 0.022050
-0.025050 0.022050
-0.025050 0.027750
-0.027750 0.027750
-0.027750 0.025050
-0.025050 0.025050
-0.025050 0.030750
-0.027750 0.030750
-0.027750 0.028050
-0.025050 0.028050
-0.025050 0.033750
-0.027750 0.033750
-0.027750 0.031050
-0.025050 0.031050
-0.025050 0.036750
-0.027750 0.036750
-0.027750 0.034050
-0.025050 0.034050
-0.025050 0.039750
-0.027750 0.039750
-0.027750 0.037050
-0.025050 0.037050
-0.025050 0.042750
-0.027750 0.042750
-0.027750 0.040050
-0.025050 0.040050
-0.025050 0.045750
-0.027750 0.045750
-0.027750 0.043050
-0.025050 0.043050
-0.025050 0.048750
-0.027750 0.048750
-0.027750 0.046050
-0.025050 0.046050
-0.022050 0.003750
-0.024750 0.003750
-0.024750 0.001050
-0.022050 0.001050
-0.022050 0.006750
-0.024750 0.006750
-0.024750 0.004050
-0.022050 0.004050
-0.022050 0.009750
-0.024750 0.009750
-0.024750 0.007050
-0.022050 0.007050
-0.022050 0.012750
-0.024750 0.012750
-0.024750 0.010050
-0.022050 0.010050
-0.022050 0.015750
-0.024750 0.015750
-0.024750 0.013050
-0.022050 0.013050
-0.022050 0.018750
-0.024750 0.018750
-0.024750 0.016050
-0.022050 0.016050
-0.022050 0.021750
-0.024750 0.021750
-0.024750 0.019050
-0.022050 0.019050
-0.022050 0.024750
-0.024750 0.024750
-0.024750 0.022050
-0.022050 0.022050
-0.022050 0.027750
-0.024750 0.027750
-0.024750 0.025050
-0.022050 0.025050
-0.022050 0.030750
-0.024750 0.030750
-0.024750 0.028050
-0.022050 0.028050
-0.022050 0.033750
-0.024750 0.033750
-0.024750 0.031050
-0.022050 0.031050
-0.022050 0.036750
-0.024750 0.036750
-0.024750 0.034050
-0.022050 0.034050
-0.022050 0.039750
-0.024750 0.039750
-0.024750 0.037050
-0.022050 0.037050
-0.022050 0.042750
-0.024750 0.042750
-0.024750 0.040050
-0.022050 0.040050
-0.022050 0.045750
-0.024750 0.045750
-0.024750 0.043050
-0.022050 0.043050
-0.022050 0.048750
-0.024750 0.048750
-0.024750 0.046050
-0.022050 0.046050
-0.022050 0.051750
-0.024750 0.051750
-0.024750 0.049050
-0.022050 0.049050
-0.019050 0.003750
-0.021750 0.003750
-0.021750 0.001050
-0.019050 0.001050
-0.019050 0.006750
-0.021750 0.006750
-0.021750 0.004050
-0.019050 0.004050
-0.019050 0.009750
-0.021750 0.009750
-0.021750 0.007050
-0.019050 0.007050
-0.019050 0.012750
-0.021750 0.012750
-0.021750 0.010050
-0.019050 0.010050
-0.019050 0.015750
-0.021750 0.015750
-0.021750 0.013050
-0.019050 0.013050
-0.019050 0.018750
-0.021750 0.018750
-0.021750 0.016050
-0.019050 0.016050
-0.019050 0.021750
-0.021750 0.021750
-0.021750 0.019050
-0.019050 0.019050
-0.019050 0.024750
-0.021750 0.024750
-0.021750 0.022050
-0.019050 0.022050
-0.019050 0.027750
-0.021750 0.027750
-0.021750 0.025050
-0.019050 0.025050
-0.019050 0.030750
-0.021750 0.030750
-0.021750 0.028050
-0.019050 0.028050
-0.019050 0.033750
-0.021750 0.033750
-0.021750 0.031050
-0.019050 0.031050
-0.019050 0.036750
-0.021750 0.036750
-0.021750 0.034050
-0.019050 0.034050
-0.019050 0.039750
-0.021750 0.039750
-0.021750 0.037050
-0.019050 0.037050
-0.019050 0.042750
-0.021750 0.042750
-0.021750 0.040050
-0.019050 0.040050
-0.019050 0.045750
-0.021750 0.045750
-0.021750 0.043050
-0.019050 0.043050
-0.019050 0.048750
-0.021750 0.048750
-0.021750 0.046050
-0.019050 0.046050
-0.019050 0.051750
-0.021750 0.051750
-0.021750 0.049050
-0.019050 0.049050
-0.016050 0.003750
-0.018750 0.003750
-0.018750 0.001050
-0.016050 0.001050
-0.016050 0.006750
-0.018750 0.006750
-0.018750 0.004050
-0.016050 0.004050
-0.016050 0.009750
-0.018750 0.009750
-0.018750 0.007050
-0.016050 0.007050
-0.016050 0.012750
-0.018750 0.012750
-0.018750 0.010050
-0.016050 0.010050
-0.016050 0.015750
-0.018750 0.015750
-0.018750 0.013050
-0.016050 0.013050
-0.016050 0.018750
-0.018750 0.018750
-0.018750 0.016050
-0.016050 0.016050
-0.016050 0.021750
-0.018750 0.021750
-0.018750 0.019050
-0.016050 0.019050
-0.016050 0.024750
-0.018750 0.024750
-0.018750 0.022050
-0.016050 0.022050
-0.016050 0.027750
-0.018750 0.027750
-0.018750 0.025050
-0.016050 0.025050
-0.016050 0.030750
-0.018750 0.030750
-0.018750 0.028050
-0.016050 0.028050
-0.016050 0.033750
-0.018750 0.033750
-0.018750 0.031050
-0.016050 0.031050
-0.016050 0.036750
-0.018750 0.036750
-0.018750 0.034050
-0.016050 0.034050
-0.016050 0.039750
-0.018750 0.039750
-0.018750 0.037050
-0.016050 0.037050
-0.016050 0.042750
-0.018750 0.042750
-0.018750 0.040050
-0.016050 0.040050
-0.016050 0.045750
-0.018750 0.045750
-0.018750 0.043050
-0.016050 0.043050
-0.016050 0.048750
-0.018750 0.048750
-0.018750 0.046050
-0.016050 0.046050
-0.016050 0.051750
-0.018750 0.051750
-0.018750 0.049050
-0.016050 0.049050
-0.013050 0.003750
-0.015750 0.003750
-0.015750 0.001050
-0.013050 0.001050
-0.013050 0.006750
-0.015750 0.006750
-0.015750 0.004050
-0.013050 0.004050
-0.013050 0.009750
-0.015750 0.009750
-0.015750 0.007050
-0.013050 0.007050
-0.013050 0.012750
-0.015750 0.012750
-0.015750 0.010050
-0.013050 0.010050
-0.013050 0.015750
-0.015750 0.015750
-0.015750 0.013050
-0.013050 0.013050
-0.013050 0.018750
-0.015750 0.018750
-0.015750 0.016050
-0.013050 0.016050
-0.013050 0.021750
-0.015750 0.021750
-0.015750 0.019050
-0.013050 0.019050
-0.013050 0.024750
-0.015750 0.024750
-0.015750 0.022050
-0.013050 0.022050
-0.013050 0.027750
-0.015750 0.027750
-0.015750 0.025050
-0.013050 0.025050
-0.013050 0.030750
-0.015750 0.030750
-0.015750 0.028050
-0.013050 0.028050
-0.013050 0.033750
-0.015750 0.033750
-0.015750 0.031050
-0.013050 0.031050
-0.013050 0.036750
-0.015750 0.036750
-0.015750 0.034050
-0.013050 0.034050
-0.013050 0.039750
-0.015750 0.039750
-0.015750 0.037050
-0.013050 0.037050
-0.013050 0.042750
-0.015750 0.042750
-0.015750 0.040050
-0.013050 0.040050
-0.013050 0.045750
-0.015750 0.045750
-0.015750 0.043050
-0.013050 0.043050
-0.013050 0.048750
-0.015750 0.048750
-0.015750 0.046050
-0.013050 0.046050
-0.013050 0.051750
-0.015750 0.051750
-0.015750 0.049050
-0.013050 0.049050
-0.010050 0.003750
-0.012750 0.003750
-0.012750 0.001050
-0.010050 0.001050
-0.010050 0.006750
-0.012750 0.006750
-0.012750 0.004050
-0.010050 0.004050
-0.010050 0.009750
-0.012750 0.009750
-0.012750 0.007050
-0.010050 0.007050
-0.010050 0.012750
-0.012750 0.012750
-0.012750 0.010050
-0.010050 0.010050
-0.010050 0.015750
-0.012750 0.015750
-0.012750 0.013050
-0.010050 0.013050
-0.010050 0.018750
-0.012750 0.018750
-0.012750 0.016050
-0.010050 0.016050
-0.010050 0.021750
-0.012750 0.021750
-0.012750 0.019050
-0.010050 0.019050
-0.010050 0.024750
-0.012750 0.024750
-0.012750 0.022050
-0.010050 0.022050
-0.010050 0.027750
-0.012750 0.027750
-0.012750 0.025050
-0.010050 0.025050
-0.010050 0.030750
-0.012750 0.030750
-0.012750 0.028050
-0.010050 0.028050
-0.010050 0.033750
-0.012750 0.033750
-0.012750 0.031050
-0.010050 0.031050
-0.010050 0.036750
-0.012750 0.036750
-0.012750 0.034050
-0.010050 0.034050
-0.010050 0.039750
-0.012750 0.039750
-0.012750 0.037050
-0.010050 0.037050
-0.010050 0.042750
-0.012750 0.042750
-0.012750 0.040050
-0.010050 0.040050
-0.010050 0.045750
-0.012750 0.045750
-0.012750 0.043050
-0.010050 0.043050
-0.010050 0.048750
-0.012750 0.048750
-0.012750 0.046050
-0.010050 0.046050
-0.010050 0.051750
-0.012750 0.051750
-0.012750 0.049050
-0.010050 0.049050
-0.007050 0.003750
-0.009750 0.003750
-0.009750 0.001050
-0.007050 0.001050
-0.007050 0.006750
-0.009750 0.006750
-0.009750 0.004050
-0.007050 0.004050
-0.007050 0.009750
-0.009750 0.009750
-0.009750 0.007050
-0.007050 0.007050
-0.007050 0.012750
-0.009750 0.012750
-0.009750 0.010050
-0.007050 0.010050
-0.007050 0.015750
-0.009750 0.015750
-0.009750 0.013050
-0.007050 0.013050
-0.007050 0.018750
-0.009750 0.018750
-0.009750 0.016050
-0.007050 0.016050
-0.007050 0.021750
-0.009750 0.021750
-0.009750 0.019050
-0.007050 0.019050
-0.007050 0.024750
-0.009750 0.024750
-0.009750 0.022050
-0.007050 0.022050
-0.007050 0.027750
-0.009750 0.027750
-0.009750 0.025050
-0.007050 0.025050
-0.007050 0.030750
-0.009750 0.030750
-0.009750 0.028050
-0.007050 0.028050
-0.007050 0.033750
-0.009750 0.033750
-0.009750 0.031050
-0.007050 0.031050
-0.007050 0.036750
-0.009750 0.036750
-0.009750 0.034050
-0.007050 0.034050
-0.007050 0.039750
-0.009750 0.039750
-0.009750 0.037050
-0.007050 0.037050
-0.007050 0.042750
-0.009750 0.042750
-0.009750 0.040050
-0.007050 0.040050
-0.007050 0.045750
-0.009750 0.045750
-0.009750 0.043050
-0.007050 0.043050
-0.007050 0.048750
-0.009750 0.048750
-0.009750 0.046050
-0.007050 0.046050
-0.007050 0.051750
-0.009750 0.051750
-0.009750 0.049050
-0.007050 0.049050
-0.004050 0.003750
-0.006750 0.003750
-0.006750 0.001050
-0.004050 0.001050
-0.004050 0.006750
-0.006750 0.006750
-0.006750 0.004050
-0.004050 0.004050
-0.004050 0.009750
-0.006750 0.009750
-0.006750 0.007050
-0.004050 0.007050
-0.004050 0.012750
-0.006750 0.012750
-0.006750 0.010050
-0.004050 0.010050
-0.004050 0.015750
-0.006750 0.015750
-0.006750 0.013050
-0.004050 0.013050
-0.004050 0.018750
-0.006750 0.018750
-0.006750 0.016050
-0.004050 0.016050
-0.004050 0.021750
-0.006750 0.021750
-0.006750 0.019050
-0.004050 0.019050
-0.004050 0.024750
-0.006750 0.024750
-0.006750 0.022050
-0.004050 0.022050
-0.004050 0.027750
-0.006750 0.027750
-0.006750 0.025050
-0.004050 0.025050
-0.004050 0.030750
-0.006750 0.030750
-0.006750 0.028050
-0.004050 0.028050
-0.004050 0.033750
-0.006750 0.033750
-0.006750 0.031050
-0.004050 0.031050
-0.004050 0.036750
-0.006750 0.036750
-0.006750 0.034050
-0.004050 0.034050
-0.004050 0.039750
-0.006750 0.039750
-0.006750 0.037050
-0.004050 0.037050
-0.004050 0.042750
-0.006750 0.042750
-0.006750 0.040050
-0.004050 0.040050
-0.004050 0.045750
-0.006750 0.045750
-0.006750 0.043050
-0.004050 0.043050
-0.004050 0.048750
-0.006750 0.048750
-0.006750 0.046050
-0.004050 0.046050
-0.004050 0.051750
-0.006750 0.051750
-0.006750 0.049050
-0.004050 0.049050
-0.001050 0.003750
-0.003750 0.003750
-0.003750 0.001050
-0.001050 0.001050
-0.001050 0.006750
-0.003750 0.006750
-0.003750 0.004050
-0.001050 0.004050
-0.001050 0.009750
-0.003750 0.009750
-0.003750 0.007050
-0.001050 0.007050
-0.001050 0.012750
-0.003750 0.012750
-0.003750 0.010050
-0.001050 0.010050
-0.001050 0.015750
-0.003750 0.015750
-0.003750 0.013050
-0.001050 0.013050
-0.001050 0.018750
-0.003750 0.018750
-0.003750 0.016050
-0.001050 0.016050
-0.001050 0.021750
-0.003750 0.021750
-0.003750 0.019050
-0.001050 0.019050
-0.001050 0.024750
-0.003750 0.024750
-0.003750 0.022050
-0.001050 0.022050
-0.001050 0.027750
-0.003750 0.027750
-0.003750 0.025050
-0.001050 0.025050
-0.001050 0.030750
-0.003750 0.030750
-0.003750 0.028050
-0.001050 0.028050
-0.001050 0.033750
-0.003750 0.033750
-0.003750 0.031050
-0.001050 0.031050
-0.001050 0.036750
-0.003750 0.036750
-0.003750 0.034050
-0.001050 0.034050
-0.001050 0.039750
-0.003750 0.039750
-0.003750 0.037050
-0.001050 0.037050
-0.001050 0.042750
-0.003750 0.042750
-0.003750 0.040050
-0.001050 0.040050
-0.001050 0.045750
-0.003750 0.045750
-0.003750 0.043050
-0.001050 0.043050
-0.001050 0.048750
-0.003750 0.048750
-0.003750 0.046050
-0.001050 0.046050
-0.001050 0.051750
-0.003750 0.051750
-0.003750 0.049050
-0.001050 0.049050
-0.001050 -0.049050
-0.003750 -0.049050
-0.003750 -0.051750
-0.001050 -0.051750
-0.004050 -0.049050
-0.006750 -0.049050
-0.006750 -0.051750
-0.004050 -0.051750
-0.007050 -0.049050
-0.009750 -0.049050
-0.009750 -0.051750
-0.007050 -0.051750
-0.010050 -0.049050
-0.012750 -0.049050
-0.012750 -0.051750
-0.010050 -0.051750
-0.013050 -0.049050
-0.015750 -0.049050
-0.015750 -0.051750
-0.013050 -0.051750
-0.016050 -0.049050
-0.018750 -0.049050
-0.018750 -0.051750
-0.016050 -0.051750
-0.019050 -0.049050
-0.021750 -0.049050
-0.021750 -0.051750
-0.019050 -0.051750
-0.022050 -0.049050
-0.024750 -0.049050
-0.024750 -0.051750
-0.022050 -0.051750
-0.001050 -0.046050
-0.003750 -0.046050
-0.003750 -0.048750
-0.001050 -0.048750
-0.004050 -0.046050
-0.006750 -0.046050
-0.006750 -0.048750
-0.004050 -0.048750
-0.007050 -0.046050
-0.009750 -0.046050
-0.009750 -0.048750
-0.007050 -0.048750
-0.010050 -0.046050
-0.012750 -0.046050
-0.012750 -0.048750
-0.010050 -0.048750
-0.013050 -0.046050
-0.015750 -0.046050
-0.015750 -0.048750
-0.013050 -0.048750
-0.016050 -0.046050
-0.018750 -0.046050
-0.018750 -0.048750
-0.016050 -0.048750
-0.019050 -0.046050
-0.021750 -0.046050
-0.021750 -0.048750
-0.019050 -0.048750
-0.022050 -0.046050
-0.024750 -0.046050
-0.024750 -0.048750
-0.022050 -0.048750
-0.025050 -0.046050
-0.027750 -0.046050
-0.027750 -0.048750
-0.025050 -0.048750
-0.001050 -0.043050
-0.003750 -0.043050
-0.003750 -0.045750
-0.001050 -0.045750
-0.004050 -0.043050
-0.006750 -0.043050
-0.006750 -0.045750
-0.004050 -0.045750
-0.007050 -0.043050
-0.009750 -0.043050
-0.009750 -0.045750
-0.007050 -0.045750
-0.010050 -0.043050
-0.012750 -0.043050
-0.012750 -0.045750
-0.010050 -0.045750
-0.013050 -0.043050
-0.015750 -0.043050
-0.015750 -0.045750
-0.013050 -0.045750
-0.016050 -0.043050
-0.018750 -0.043050
-0.018750 -0.045750
-0.016050 -0.045750
-0.019050 -0.043050
-0.021750 -0.043050
-0.021750 -0.045750
-0.019050 -0.045750
-0.022050 -0.043050
-0.024750 -0.043050
-0.024750 -0.045750
-0.022050 -0.045750
-0.025050 -0.043050
-0.027750 -0.043050
-0.027750 -0.045750
-0.025050 -0.045750
-0.028050 -0.043050
-0.030750 -0.043050
-0.030750 -0.045750
-0.028050 -0.045750
-0.031050 -0.043050
-0.033750 -0.043050
-0.033750 -0.045750
-0.031050 -0.045750
-0.001050 -0.040050
-0.003750 -0.040050
-0.003750 -0.042750
-0.001050 -0.042750
-0.004050 -0.040050
-0.006750 -0.040050
-0.006750 -0.042750
-0.004050 -0.042750
-0.007050 -0.040050
-0.009750 -0.040050
-0.009750 -0.042750
-0.007050 -0.042750
-0.010050 -0.040050
-0.012750 -0.040050
-0.012750 -0.042750
-0.010050 -0.042750
-0.013050 -0.040050
-0.015750 -0.040050
-0.015750 -0.042750
-0.013050 -0.042750
-0.016050 -0.040050
-0.018750 -0.040050
-0.018750 -0.042750
-0.016050 -0.042750
-0.019050 -0.040050
-0.021750 -0.040050
-0.021750 -0.042750
-0.019050 -0.042750
-0.022050 -0.040050
-0.024750 -0.040050
-0.024750 -0.042750
-0.022050 -0.042750
-0.025050 -0.040050
-0.027750 -0.040050
-0.027750 -0.042750
-0.025050 -0.042750
-0.028050 -0.040050
-0.030750 -0.040050
-0.030750 -0.042750
-0.028050 -0.042750
-0.031050 -0.040050
-0.033750 -0.040050
-0.033750 -0.042750
-0.031050 -0.042750
-0.034050 -0.040050
-0.036750 -0.040050
-0.036750 -0.042750
-0.034050 -0.042750
-0.001050 -0.037050
-0.003750 -0.037050
-0.003750 -0.039750
-0.001050 -0.039750
-0.004050 -0.037050
-0.006750 -0.037050
-0.006750 -0.039750
-0.004050 -0.039750
-0.007050 -0.037050
-0.009750 -0.037050
-0.009750 -0.039750
-0.007050 -0.039750
-0.010050 -0.037050
-0.012750 -0.037050
-0.012750 -0.039750
-0.010050 -0.039750
-0.013050 -0.037050
-0.015750 -0.037050
-0.015750 -0.039750
-0.013050 -0.039750
-0.016050 -0.037050
-0.018750 -0.037050
-0.018750 -0.039750
-0.016050 -0.039750
-0.019050 -0.037050
-0.021750 -0.037050
-0.021750 -0.039750
-0.019050 -0.039750
-0.022050 -0.037050
-0.024750 -0.037050
-0.024750 -0.039750
-0.022050 -0.039750
-0.025050 -0.037050
-0.027750 -0.037050
-0.027750 -0.039750
-0.025050 -0.039750
-0.028050 -0.037050
-0.030750 -0.037050
-0.030750 -0.039750
-0.028050 -0.039750
-0.031050 -0.037050
-0.033750 -0.037050
-0.033750 -0.039750
-0.031050 -0.039750
-0.034050 -0.037050
-0.036750 -0.037050
-0.036750 -0.039750
-0.034050 -0.039750
-0.001050 -0.034050
-0.003750 -0.034050
-0.003750 -0.036750
-0.001050 -0.036750
-0.004050 -0.034050
-0.006750 -0.034050
-0.006750 -0.036750
-0.004050 -0.036750
-0.007050 -0.034050
-0.009750 -0.034050
-0.009750 -0.036750
-0.007050 -0.036750
-0.010050 -0.034050
-0.012750 -0.034050
-0.012750 -0.036750
-0.010050 -0.036750
-0.013050 -0.034050
-0.015750 -0.034050
-0.015750 -0.036750
-0.013050 -0.036750
-0.016050 -0.034050
-0.018750 -0.034050
-0.018750 -0.036750
-0.016050 -0.036750
-0.019050 -0.034050
-0.021750 -0.034050
-0.021750 -0.036750
-0.019050 -0.036750
-0.022050 -0.034050
-0.024750 -0.034050
-0.024750 -0.036750
-0.022050 -0.036750
-0.025050 -0.034050
-0.027750 -0.034050
-0.027750 -0.036750
-0.025050 -0.036750
-0.028050 -0.034050
-0.030750 -0.034050
-0.030750 -0.036750
-0.028050 -0.036750
-0.031050 -0.034050
-0.033750 -0.034050
-0.033750 -0.036750
-0.031050 -0.036750
-0.034050 -0.034050
-0.036750 -0.034050
-0.036750 -0.036750
-0.034050 -0.036750
-0.037050 -0.034050
-0.039750 -0.034050
-0.039750 -0.036750
-0.037050 -0.036750
-0.040050 -0.034050
-0.042750 -0.034050
-0.042750 -0.036750
-0.040050 -0.036750
-0.001050 -0.031050
-0.003750 -0.031050
-0.003750 -0.033750
-0.001050 -0.033750
-0.004050 -0.031050
-0.006750 -0.031050
-0.006750 -0.033750
-0.004050 -0.033750
-0.007050 -0.031050
-0.009750 -0.031050
-0.009750 -0.033750
-0.007050 -0.033750
-0.010050 -0.031050
-0.012750 -0.031050
-0.012750 -0.033750
-0.010050 -0.033750
-0.013050 -0.031050
-0.015750 -0.031050
-0.015750 -0.033750
-0.013050 -0.033750
-0.016050 -0.031050
-0.018750 -0.031050
-0.018750 -0.033750
-0.016050 -0.033750
-0.019050 -0.031050
-0.021750 -0.031050
-0.021750 -0.033750
-0.019050 -0.033750
-0.022050 -0.031050
-0.024750 -0.031050
-0.024750 -0.033750
-0.022050 -0.033750
-0.025050 -0.031050
-0.027750 -0.031050
-0.027750 -0.033750
-0.025050 -0.033750
-0.028050 -0.031050
-0.030750 -0.031050
-0.030750 -0.033750
-0.028050 -0.033750
-0.031050 -0.031050
-0.033750 -0.031050
-0.033750 -0.033750
-0.031050 -0.033750
-0.034050 -0.031050
-0.036750 -0.031050
-0.036750 -0.033750
-0.034050 -0.033750
-0.037050 -0.031050
-0.039750 -0.031050
-0.039750 -0.033750
-0.037050 -0.033750
-0.040050 -0.031050
-0.042750 -0.031050
-0.042750 -0.033750
-0.040050 -0.033750
-0.043050 -0.031050
-0.045750 -0.031050
-0.045750 -0.033750
-0.043050 -0.033750
-0.001050 -0.028050
-0.003750 -0.028050
-0.003750 -0.030750
-0.001050 -0.030750
-0.004050 -0.028050
-0.006750 -0.028050
-0.006750 -0.030750
-0.004050 -0.030750
-0.007050 -0.028050
-0.009750 -0.028050
-0.009750 -0.030750
-0.007050 -0.030750
-0.010050 -0.028050
-0.012750 -0.028050
-0.012750 -0.030750
-0.010050 -0.030750
-0.013050 -0.028050
-0.015750 -0.028050
-0.015750 -0.030750
-0.013050 -0.030750
-0.016050 -0.028050
-0.018750 -0.028050
-0.018750 -0.030750
-0.016050 -0.030750
-0.019050 -0.028050
-0.021750 -0.028050
-0.021750 -0.030750
-0.019050 -0.030750
-0.022050 -0.028050
-0.024750 -0.028050
-0.024750 -0.030750
-0.022050 -0.030750
-0.025050 -0.028050
-0.027750 -0.028050
-0.027750 -0.030750
-0.025050 -0.030750
-0.028050 -0.028050
-0.030750 -0.028050
-0.030750 -0.030750
-0.028050 -0.030750
-0.031050 -0.028050
-0.033750 -0.028050
-0.033750 -0.030750
-0.031050 -0.030750
-0.034050 -0.028050
-0.036750 -0.028050
-0.036750 -0.030750
-0.034050 -0.030750
-0.037050 -0.028050
-0.039750 -0.028050
-0.039750 -0.030750
-0.037050 -0.030750
-0.040050 -0.028050
-0.042750 -0.028050
-0.042750 -0.030750
-0.040050 -0.030750
-0.043050 -0.028050
-0.045750 -0.028050
-0.045750 -0.030750
-0.043050 -0.030750
-0.001050 -0.025050
-0.003750 -0.025050
-0.003750 -0.027750
-0.001050 -0.027750
-0.004050 -0.025050
-0.006750 -0.025050
-0.006750 -0.027750
-0.004050 -0.027750
-0.007050 -0.025050
-0.009750 -0.025050
-0.009750 -0.027750
-0.007050 -0.027750
-0.010050 -0.025050
-0.012750 -0.025050
-0.012750 -0.027750
-0.010050 -0.027750
-0.013050 -0.025050
-0.015750 -0.025050
-0.015750 -0.027750
-0.013050 -0.027750
-0.016050 -0.025050
-0.018750 -0.025050
-0.018750 -0.027750
-0.016050 -0.027750
-0.019050 -0.025050
-0.021750 -0.025050
-0.021750 -0.027750
-0.019050 -0.027750
-0.022050 -0.025050
-0.024750 -0.025050
-0.024750 -0.027750
-0.022050 -0.027750
-0.025050 -0.025050
-0.027750 -0.025050
-0.027750 -0.027750
-0.025050 -0.027750
-0.028050 -0.025050
-0.030750 -0.025050
-0.030750 -0.027750
-0.028050 -0.027750
-0.031050 -0.025050
-0.033750 -0.025050
-0.033750 -0.027750
-0.031050 -0.027750
-0.034050 -0.025050
-0.036750 -0.025050
-0.036750 -0.027750
-0.034050 -0.027750
-0.037050 -0.025050
-0.039750 -0.025050
-0.039750 -0.027750
-0.037050 -0.027750
-0.040050 -0.025050
-0.042750 -0.025050
-0.042750 -0.027750
-0.040050 -0.027750
-0.043050 -0.025050
-0.045750 -0.025050
-0.045750 -0.027750
-0.043050 -0.027750
-0.046050 -0.025050
-0.048750 -0.025050
-0.048750 -0.027750
-0.046050 -0.027750
-0.001050 -0.022050
-0.003750 -0.022050
-0.003750 -0.024750
-0.001050 -0.024750
-0.004050 -0.022050
-0.006750 -0.022050
-0.006750 -0.024750
-0.004050 -0.024750
-0.007050 -0.022050
-0.009750 -0.022050
-0.009750 -0.024750
-0.007050 -0.024750
-0.010050 -0.022050
-0.012750 -0.022050
-0.012750 -0.024750
-0.010050 -0.024750
-0.013050 -0.022050
-0.015750 -0.022050
-0.015750 -0.024750
-0.013050 -0.024750
-0.016050 -0.022050
-0.018750 -0.022050
-0.018750 -0.024750
-0.016050 -0.024750
-0.019050 -0.022050
-0.021750 -0.022050
-0.021750 -0.024750
-0.019050 -0.024750
-0.022050 -0.022050
-0.024750 -0.022050
-0.024750 -0.024750
-0.022050 -0.024750
-0.025050 -0.022050
-0.027750 -0.022050
-0.027750 -0.024750
-0.025050 -0.024750
-0.028050 -0.022050
-0.030750 -0.022050
-0.030750 -0.024750
-0.028050 -0.024750
-0.031050 -0.022050
-0.033750 -0.022050
-0.033750 -0.024750
-0.031050 -0.024750
-0.034050 -0.022050
-0.036750 -0.022050
-0.036750 -0.024750
-0.034050 -0.024750
-0.037050 -0.022050
-0.039750 -0.022050
-0.039750 -0.024750
-0.037050 -0.024750
-0.040050 -0.022050
-0.042750 -0.022050
-0.042750 -0.024750
-0.040050 -0.024750
-0.043050 -0.022050
-0.045750 -0.022050
-0.045750 -0.024750
-0.043050 -0.024750
-0.046050 -0.022050
-0.048750 -0.022050
-0.048750 -0.024750
-0.046050 -0.024750
-0.049050 -0.022050
-0.051750 -0.022050
-0.051750 -0.024750
-0.049050 -0.024750
-0.001050 -0.019050
-0.003750 -0.019050
-0.003750 -0.021750
-0.001050 -0.021750
-0.004050 -0.019050
-0.006750 -0.019050
-0.006750 -0.021750
-0.004050 -0.021750
-0.007050 -0.019050
-0.009750 -0.019050
-0.009750 -0.021750
-0.007050 -0.021750
-0.010050 -0.019050
-0.012750 -0.019050
-0.012750 -0.021750
-0.010050 -0.021750
-0.013050 -0.019050
-0.015750 -0.019050
-0.015750 -0.021750
-0.013050 -0.021750
-0.016050 -0.019050
-0.018750 -0.019050
-0.018750 -0.021750
-0.016050 -0.021750
-0.019050 -0.019050
-0.021750 -0.019050
-0.021750 -0.021750
-0.019050 -0.021750
-0.022050 -0.019050
-0.024750 -0.019050
-0.024750 -0.021750
-0.022050 -0.021750
-0.025050 -0.019050
-0.027750 -0.019050
-0.027750 -0.021750
-0.025050 -0.021750
-0.028050 -0.019050
-0.030750 -0.019050
-0.030750 -0.021750
-0.028050 -0.021750
-0.031050 -0.019050
-0.033750 -0.019050
-0.033750 -0.021750
-0.031050 -0.021750
-0.034050 -0.019050
-0.036750 -0.019050
-0.036750 -0.021750
-0.034050 -0.021750
-0.037050 -0.019050
-0.039750 -0.019050
-0.039750 -0.021750
-0.037050 -0.021750
-0.040050 -0.019050
-0.042750 -0.019050
-0.042750 -0.021750
-0.040050 -0.021750
-0.043050 -0.019050
-0.045750 -0.019050
-0.045750 -0.021750
-0.043050 -0.021750
-0.046050 -0.019050
-0.048750 -0.019050
-0.048750 -0.021750
-0.046050 -0.021750
-0.049050 -0.019050
-0.051750 -0.019050
-0.051750 -0.021750
-0.049050 -0.021750
-0.001050 -0.016050
-0.003750 -0.016050
-0.003750 -0.018750
-0.001050 -0.018750
-0.004050 -0.016050
-0.006750 -0.016050
-0.006750 -0.018750
-0.004050 -0.018750
-0.007050 -0.016050
-0.009750 -0.016050
-0.009750 -0.018750
-0.007050 -0.018750
-0.010050 -0.016050
-0.012750 -0.016050
-0.012750 -0.018750
-0.010050 -0.018750
-0.013050 -0.016050
-0.015750 -0.016050
-0.015750 -0.018750
-0.013050 -0.018750
-0.016050 -0.016050
-0.018750 -0.016050
-0.018750 -0.018750
-0.016050 -0.018750
-0.019050 -0.016050
-0.021750 -0.016050
-0.021750 -0.018750
-0.019050 -0.018750
-0.022050 -0.016050
-0.024750 -0.016050
-0.024750 -0.018750
-0.022050 -0.018750
-0.025050 -0.016050
-0.027750 -0.016050
-0.027750 -0.018750
-0.025050 -0.018750
-0.028050 -0.016050
-0.030750 -0.016050
-0.030750 -0.018750
-0.028050 -0.018750
-0.031050 -0.016050
-0.033750 -0.016050
-0.033750 -0.018750
-0.031050 -0.018750
-0.034050 -0.016050
-0.036750 -0.016050
-0.036750 -0.018750
-0.034050 -0.018750
-0.037050 -0.016050
-0.039750 -0.016050
-0.039750 -0.018750
-0.037050 -0.018750
-0.040050 -0.016050
-0.042750 -0.016050
-0.042750 -0.018750
-0.040050 -0.018750
-0.043050 -0.016050
-0.045750 -0.016050
-0.045750 -0.018750
-0.043050 -0.018750
-0.046050 -0.016050
-0.048750 -0.016050
-0.048750 -0.018750
-0.046050 -0.018750
-0.049050 -0.016050
-0.051750 -0.016050
-0.051750 -0.018750
-0.049050 -0.018750
-0.001050 -0.013050
-0.003750 -0.013050
-0.003750 -0.015750
-0.001050 -0.015750
-0.004050 -0.013050
-0.006750 -0.013050
-0.006750 -0.015750
-0.004050 -0.015750
-0.007050 -0.013050
-0.009750 -0.013050
-0.009750 -0.015750
-0.007050 -0.015750
-0.010050 -0.013050
-0.012750 -0.013050
-0.012750 -0.015750
-0.010050 -0.015750
-0.013050 -0.013050
-0.015750 -0.013050
-0.015750 -0.015750
-0.013050 -0.015750
-0.016050 -0.013050
-0.018750 -0.013050
-0.018750 -0.015750
-0.016050 -0.015750
-0.019050 -0.013050
-0.021750 -0.013050
-0.021750 -0.015750
-0.019050 -0.015750
-0.022050 -0.013050
-0.024750 -0.013050
-0.024750 -0.015750
-0.022050 -0.015750
-0.025050 -0.013050
-0.027750 -0.013050
-0.027750 -0.015750
-0.025050 -0.015750
-0.028050 -0.013050
-0.030750 -0.013050
-0.030750 -0.015750
-0.028050 -0.015750
-0.031050 -0.013050
-0.033750 -0.013050
-0.033750 -0.015750
-0.031050 -0.015750
-0.034050 -0.013050
-0.036750 -0.013050
-0.036750 -0.015750
-0.034050 -0.015750
-0.037050 -0.013050
-0.039750 -0.013050
-0.039750 -0.015750
-0.037050 -0.015750
-0.040050 -0.013050
-0.042750 -0.013050
-0.042750 -0.015750
-0.040050 -0.015750
-0.043050 -0.013050
-0.045750 -0.013050
-0.045750 -0.015750
-0.043050 -0.015750
-0.046050 -0.013050
-0.048750 -0.013050
-0.048750 -0.015750
-0.046050 -0.015750
-0.049050 -0.013050
-0.051750 -0.013050
-0.051750 -0.015750
-0.049050 -0.015750
-0.001050 -0.010050
-0.003750 -0.010050
-0.003750 -0.012750
-0.001050 -0.012750
-0.004050 -0.010050
-0.006750 -0.010050
-0.006750 -0.012750
-0.004050 -0.012750
-0.007050 -0.010050
-0.009750 -0.010050
-0.009750 -0.012750
-0.007050 -0.012750
-0.010050 -0.010050
-0.012750 -0.010050
-0.012750 -0.012750
-0.010050 -0.012750
-0.013050 -0.010050
-0.015750 -0.010050
-0.015750 -0.012750
-0.013050 -0.012750
-0.016050 -0.010050
-0.018750 -0.010050
-0.018750 -0.012750
-0.016050 -0.012750
-0.019050 -0.010050
-0.021750 -0.010050
-0.021750 -0.012750
-0.019050 -0.012750
-0.022050 -0.010050
-0.024750 -0.010050
-0.024750 -0.012750
-0.022050 -0.012750
-0.025050 -0.010050
-0.027750 -0.010050
-0.027750 -0.012750
-0.025050 -0.012750
-0.028050 -0.010050
-0.030750 -0.010050
-0.030750 -0.012750
-0.028050 -0.012750
-0.031050 -0.010050
-0.033750 -0.010050
-0.033750 -0.012750
-0.031050 -0.012750
-0.034050 -0.010050
-0.036750 -0.010050
-0.036750 -0.012750
-0.034050 -0.012750
-0.037050 -0.010050
-0.039750 -0.010050
-0.039750 -0.012750
-0.037050 -0.012750
-0.040050 -0.010050
-0.042750 -0.010050
-0.042750 -0.012750
-0.040050 -0.012750
-0.043050 -0.010050
-0.045750 -0.010050
-0.045750 -0.012750
-0.043050 -0.012750
-0.046050 -0.010050
-0.048750 -0.010050
-0.048750 -0.012750
-0.046050 -0.012750
-0.049050 -0.010050
-0.051750 -0.010050
-0.051750 -0.012750
-0.049050 -0.012750
-0.001050 -0.007050
-0.003750 -0.007050
-0.003750 -0.009750
-0.001050 -0.009750
-0.004050 -0.007050
-0.006750 -0.007050
-0.006750 -0.009750
-0.004050 -0.009750
-0.007050 -0.007050
-0.009750 -0.007050
-0.009750 -0.009750
-0.007050 -0.009750
-0.010050 -0.007050
-0.012750 -0.007050
-0.012750 -0.009750
-0.010050 -0.009750
-0.013050 -0.007050
-0.015750 -0.007050
-0.015750 -0.009750
-0.013050 -0.009750
-0.016050 -0.007050
-0.018750 -0.007050
-0.018750 -0.009750
-0.016050 -0.009750
-0.019050 -0.007050
-0.021750 -0.007050
-0.021750 -0.009750
-0.019050 -0.009750
-0.022050 -0.007050
-0.024750 -0.007050
-0.024750 -0.009750
-0.022050 -0.009750
-0.025050 -0.007050
-0.027750 -0.007050
-0.027750 -0.009750
-0.025050 -0.009750
-0.028050 -0.007050
-0.030750 -0.007050
-0.030750 -0.009750
-0.028050 -0.009750
-0.031050 -0.007050
-0.033750 -0.007050
-0.033750 -0.009750
-0.031050 -0.009750
-0.034050 -0.007050
-0.036750 -0.007050
-0.036750 -0.009750
-0.034050 -0.009750
-0.037050 -0.007050
-0.039750 -0.007050
-0.039750 -0.009750
-0.037050 -0.009750
-0.040050 -0.007050
-0.042750 -0.007050
-0.042750 -0.009750
-0.040050 -0.009750
-0.043050 -0.007050
-0.045750 -0.007050
-0.045750 -0.009750
-0.043050 -0.009750
-0.046050 -0.007050
-0.048750 -0.007050
-0.048750 -0.009750
-0.046050 -0.009750
-0.049050 -0.007050
-0.051750 -0.007050
-0.051750 -0.009750
-0.049050 -0.009750
-0.001050 -0.004050
-0.003750 -0.004050
-0.003750 -0.006750
-0.001050 -0.006750
-0.004050 -0.004050
-0.006750 -0.004050
-0.006750 -0.006750
-0.004050 -0.006750
-0.007050 -0.004050
-0.009750 -0.004050
-0.009750 -0.006750
-0.007050 -0.006750
-0.010050 -0.004050
-0.012750 -0.004050
-0.012750 -0.006750
-0.010050 -0.006750
-0.013050 -0.004050
-0.015750 -0.004050
-0.015750 -0.006750
-0.013050 -0.006750
-0.016050 -0.004050
-0.018750 -0.004050
-0.018750 -0.006750
-0.016050 -0.006750
-0.019050 -0.004050
-0.021750 -0.004050
-0.021750 -0.006750
-0.019050 -0.006750
-0.022050 -0.004050
-0.024750 -0.004050
-0.024750 -0.006750
-0.022050 -0.006750
-0.025050 -0.004050
-0.027750 -0.004050
-0.027750 -0.006750
-0.025050 -0.006750
-0.028050 -0.004050
-0.030750 -0.004050
-0.030750 -0.006750
-0.028050 -0.006750
-0.031050 -0.004050
-0.033750 -0.004050
-0.033750 -0.006750
-0.031050 -0.006750
-0.034050 -0.004050
-0.036750 -0.004050
-0.036750 -0.006750
-0.034050 -0.006750
-0.037050 -0.004050
-0.039750 -0.004050
-0.039750 -0.006750
-0.037050 -0.006750
-0.040050 -0.004050
-0.042750 -0.004050
-0.042750 -0.006750
-0.040050 -0.006750
-0.043050 -0.004050
-0.045750 -0.004050
-0.045750 -0.006750
-0.043050 -0.006750
-0.046050 -0.004050
-0.048750 -0.004050
-0.048750 -0.006750
-0.046050 -0.006750
-0.049050 -0.004050
-0.051750 -0.004050
-0.051750 -0.006750
-0.049050 -0.006750
-0.001050 -0.001050
-0.003750 -0.001050
-0.003750 -0.003750
-0.001050 -0.003750
-0.004050 -0.001050
-0.006750 -0.001050
-0.006750 -0.003750
-0.004050 -0.003750
-0.007050 -0.001050
-0.009750 -0.001050
-0.009750 -0.003750
-0.007050 -0.003750
-0.010050 -0.001050
-0.012750 -0.001050
-0.012750 -0.003750
-0.010050 -0.003750
-0.013050 -0.001050
-0.015750 -0.001050
-0.015750 -0.003750
-0.013050 -0.003750
-0.016050 -0.001050
-0.018750 -0.001050
-0.018750 -0.003750
-0.016050 -0.003750
-0.019050 -0.001050
-0.021750 -0.001050
-0.021750 -0.003750
-0.019050 -0.003750
-0.022050 -0.001050
-0.024750 -0.001050
-0.024750 -0.003750
-0.022050 -0.003750
-0.025050 -0.001050
-0.027750 -0.001050
-0.027750 -0.003750
-0.025050 -0.003750
-0.028050 -0.001050
-0.030750 -0.001050
-0.030750 -0.003750
-0.028050 -0.003750
-0.031050 -0.001050
-0.033750 -0.001050
-0.033750 -0.003750
-0.031050 -0.003750
-0.034050 -0.001050
-0.036750 -0.001050
-0.036750 -0.003750
-0.034050 -0.003750
-0.037050 -0.001050
-0.039750 -0.001050
-0.039750 -0.003750
-0.037050 -0.003750
-0.040050 -0.001050
-0.042750 -0.001050
-0.042750 -0.003750
-0.040050 -0.003750
-0.043050 -0.001050
-0.045750 -0.001050
-0.045750 -0.003750
-0.043050 -0.003750
-0.046050 -0.001050
-0.048750 -0.001050
-0.048750 -0.003750
-0.046050 -0.003750
-0.049050 -0.001050
-0.051750 -0.001050
-0.051750 -0.003750
-0.049050 -0.003750
0.051750 -0.001050
0.049050 -0.001050
0.049050 -0.003750
0.051750 -0.003750
0.051750 -0.004050
0.049050 -0.004050
0.049050 -0.006750
0.051750 -0.006750
0.051750 -0.007050
0.049050 -0.007050
0.049050 -0.009750
0.051750 -0.009750
0.051750 -0.010050
0.049050 -0.010050
0.049050 -0.012750
0.051750 -0.012750
0.051750 -0.013050
0.049050 -0.013050
0.049050 -0.015750
0.051750 -0.015750
0.051750 -0.016050
0.049050 -0.016050
0.049050 -0.018750
0.051750 -0.018750
0.051750 -0.019050
0.049050 -0.019050
0.049050 -0.021750
0.051750 -0.021750
0.051750 -0.022050
0.049050 -0.022050
0.049050 -0.024750
0.051750 -0.024750
0.048750 -0.001050
0.046050 -0.001050
0.046050 -0.003750
0.048750 -0.003750
0.048750 -0.004050
0.046050 -0.004050
0.046050 -0.006750
0.048750 -0.006750
0.048750 -0.007050
0.046050 -0.007050
0.046050 -0.009750
0.048750 -0.009750
0.048750 -0.010050
0.046050 -0.010050
0.046050 -0.012750
0.048750 -0.012750
0.048750 -0.013050
0.046050 -0.013050
0.046050 -0.015750
0.048750 -0.015750
0.048750 -0.016050
0.046050 -0.016050
0.046050 -0.018750
0.048750 -0.018750
0.048750 -0.019050
0.046050 -0.019050
0.046050 -0.021750
0.048750 -0.021750
0.048750 -0.022050
0.046050 -0.022050
0.046050 -0.024750
0.048750 -0.024750
0.048750 -0.025050
0.046050 -0.025050
0.046050 -0.027750
0.048750 -0.027750
0.045750 -0.001050
0.043050 -0.001050
0.043050 -0.003750
0.045750 -0.003750
0.045750 -0.004050
0.043050 -0.004050
0.043050 -0.006750
0.045750 -0.006750
0.045750 -0.007050
0.043050 -0.007050
0.043050 -0.009750
0.045750 -0.009750
0.045750 -0.010050
0.043050 -0.010050
0.043050 -0.012750
0.045750 -0.012750
0.045750 -0.013050
0.043050 -0.013050
0.043050 -0.015750
0.045750 -0.015750
0.045750 -0.016050
0.043050 -0.016050
0.043050 -0.018750
0.045750 -0.018750
0.045750 -0.019050
0.043050 -0.019050
0.043050 -0.021750
0.045750 -0.021750
0.045750 -0.022050
0.043050 -0.022050
0.043050 -0.024750
0.045750 -0.024750
0.045750 -0.025050
0.043050 -0.025050
0.043050 -0.027750
0.045750 -0.027750
0.045750 -0.028050
0.043050 -0.028050
0.043050 -0.030750
0.045750 -0.030750
0.045750 -0.031050
0.043050 -0.031050
0.043050 -0.033750
0.045750 -0.033750
0.042750 -0.001050
0.040050 -0.001050
0.040050 -0.003750
0.042750 -0.003750
0.042750 -0.004050
0.040050 -0.004050
0.040050 -0.006750
0.042750 -0.006750
0.042750 -0.007050
0.040050 -0.007050
0.040050 -0.009750
0.042750 -0.009750
0.042750 -0.010050
0.040050 -0.010050
0.040050 -0.012750
0.042750 -0.012750
0.042750 -0.013050
0.040050 -0.013050
0.040050 -0.015750
0.042750 -0.015750
0.042750 -0.016050
0.040050 -0.016050
0.040050 -0.018750
0.042750 -0.018750
0.042750 -0.019050
0.040050 -0.019050
0.040050 -0.021750
0.042750 -0.021750
0.042750 -0.022050
0.040050 -0.022050
0.040050 -0.024750
0.042750 -0.024750
0.042750 -0.025050
0.040050 -0.025050
0.040050 -0.027750
0.042750 -0.027750
0.042750 -0.028050
0.040050 -0.028050
0.040050 -0.030750
0.042750 -0.030750
0.042750 -0.031050
0.040050 -0.031050
0.040050 -0.033750
0.042750 -0.033750
0.042750 -0.034050
0.040050 -0.034050
0.040050 -0.036750
0.042750 -0.036750
0.039750 -0.001050
0.037050 -0.001050
0.037050 -0.003750
0.039750 -0.003750
0.039750 -0.004050
0.037050 -0.004050
0.037050 -0.006750
0.039750 -0.006750
0.039750 -0.007050
0.037050 -0.007050
0.037050 -0.009750
0.039750 -0.009750
0.039750 -0.010050
0.037050 -0.010050
0.037050 -0.012750
0.039750 -0.012750
0.039750 -0.013050
0.037050 -0.013050
0.037050 -0.015750
0.039750 -0.015750
0.039750 -0.016050
0.037050 -0.016050
0.037050 -0.018750
0.039750 -0.018750
0.039750 -0.019050
0.037050 -0.019050
0.037050 -0.021750
0.039750 -0.021750
0.039750 -0.022050
0.037050 -0.022050
0.037050 -0.024750
0.039750 -0.024750
0.039750 -0.025050
0.037050 -0.025050
0.037050 -0.027750
0.039750 -0.027750
0.039750 -0.028050
0.037050 -0.028050
0.037050 -0.030750
0.039750 -0.030750
0.039750 -0.031050
0.037050 -0.031050
0.037050 -0.033750
0.039750 -0.033750
0.039750 -0.034050
0.037050 -0.034050
0.037050 -0.036750
0.039750 -0.036750
0.036750 -0.001050
0.034050 -0.001050
0.034050 -0.003750
0.036750 -0.003750
0.036750 -0.004050
0.034050 -0.004050
0.034050 -0.006750
0.036750 -0.006750
0.036750 -0.007050
0.034050 -0.007050
0.034050 -0.009750
0.036750 -0.009750
0.036750 -0.010050
0.034050 -0.010050
0.034050 -0.012750
0.036750 -0.012750
0.036750 -0.013050
0.034050 -0.013050
0.034050 -0.015750
0.036750 -0.015750
0.036750 -0.016050
0.034050 -0.016050
0.034050 -0.018750
0.036750 -0.018750
0.036750 -0.019050
0.034050 -0.019050
0.034050 -0.021750
0.036750 -0.021750
0.036750 -0.022050
0.034050 -0.022050
0.034050 -0.024750
0.036750 -0.024750
0.036750 -0.025050
0.034050 -0.025050
0.034050 -0.027750
0.036750 -0.027750
0.036750 -0.028050
0.034050 -0.028050
0.034050 -0.030750
0.036750 -0.030750
0.036750 -0.031050
0.034050 -0.031050
0.034050 -0.033750
0.036750 -0.033750
0.036750 -0.034050
0.034050 -0.034050
0.034050 -0.036750
0.036750 -0.036750
0.036750 -0.037050
0.034050 -0.037050
0.034050 -0.039750
0.036750 -0.039750
0.036750 -0.040050
0.034050 -0.040050
0.034050 -0.042750
0.036750 -0.042750
0.033750 -0.001050
0.031050 -0.001050
0.031050 -0.003750
0.033750 -0.003750
0.033750 -0.004050
0.031050 -0.004050
0.031050 -0.006750
0.033750 -0.006750
0.033750 -0.007050
0.031050 -0.007050
0.031050 -0.009750
0.033750 -0.009750
0.033750 -0.010050
0.031050 -0.010050
0.031050 -0.012750
0.033750 -0.012750
0.033750 -0.013050
0.031050 -0.013050
0.031050 -0.015750
0.033750 -0.015750
0.033750 -0.016050
0.031050 -0.016050
0.031050 -0.018750
0.033750 -0.018750
0.033750 -0.019050
0.031050 -0.019050
0.031050 -0.021750
0.033750 -0.021750
0.033750 -0.022050
0.031050 -0.022050
0.031050 -0.024750
0.033750 -0.024750
0.033750 -0.025050
0.031050 -0.025050
0.031050 -0.027750
0.033750 -0.027750
0.033750 -0.028050
0.031050 -0.028050
0.031050 -0.030750
0.033750 -0.030750
0.033750 -0.031050
0.031050 -0.031050
0.031050 -0.033750
0.033750 -0.033750
0.033750 -0.034050
0.031050 -0.034050
0.031050 -0.036750
0.033750 -0.036750
0.033750 -0.037050
0.031050 -0.037050
0.031050 -0.039750
0.033750 -0.039750
0.033750 -0.040050
0.031050 -0.040050
0.031050 -0.042750
0.033750 -0.042750
0.033750 -0.043050
0.031050 -0.043050
0.031050 -0.045750
0.033750 -0.045750
0.030750 -0.001050
0.028050 -0.001050
0.028050 -0.003750
0.030750 -0.003750
0.030750 -0.004050
0.028050 -0.004050
0.028050 -0.006750
0.030750 -0.006750
0.030750 -0.007050
0.028050 -0.007050
0.028050 -0.009750
0.030750 -0.009750
0.030750 -0.010050
0.028050 -0.010050
0.028050 -0.012750
0.030750 -0.012750
0.030750 -0.013050
0.028050 -0.013050
0.028050 -0.015750
0.030750 -0.015750
0.030750 -0.016050
0.028050 -0.016050
0.028050 -0.018750
0.030750 -0.018750
0.030750 -0.019050
0.028050 -0.019050
0.028050 -0.021750
0.030750 -0.021750
0.030750 -0.022050
0.028050 -0.022050
0.028050 -0.024750
0.030750 -0.024750
0.030750 -0.025050
0.028050 -0.025050
0.028050 -0.027750
0.030750 -0.027750
0.030750 -0.028050
0.028050 -0.028050
0.028050 -0.030750
0.030750 -0.030750
0.030750 -0.031050
0.028050 -0.031050
0.028050 -0.033750
0.030750 -0.033750
0.030750 -0.034050
0.028050 -0.034050
0.028050 -0.036750
0.030750 -0.036750
0.030750 -0.037050
0.028050 -0.037050
0.028050 -0.039750
0.030750 -0.039750
0.030750 -0.040050
0.028050 -0.040050
0.028050 -0.042750
0.030750 -0.042750
0.030750 -0.043050
0.028050 -0.043050
0.028050 -0.045750
0.030750 -0.045750
0.027750 -0.001050
0.025050 -0.001050
0.025050 -0.003750
0.027750 -0.003750
0.027750 -0.004050
0.025050 -0.004050
0.025050 -0.006750
0.027750 -0.006750
0.027750 -0.007050
0.025050 -0.007050
0.025050 -0.009750
0.027750 -0.009750
0.027750 -0.010050
0.025050 -0.010050
0.025050 -0.012750
0.027750 -0.012750
0.027750 -0.013050
0.025050 -0.013050
0.025050 -0.015750
0.027750 -0.015750
0.027750 -0.016050
0.025050 -0.016050
0.025050 -0.018750
0.027750 -0.018750
0.027750 -0.019050
0.025050 -0.019050
0.025050 -0.021750
0.027750 -0.021750
0.027750 -0.022050
0.025050 -0.022050
0.025050 -0.024750
0.027750 -0.024750
0.027750 -0.025050
0.025050 -0.025050
0.025050 -0.027750
0.027750 -0.027750
0.027750 -0.028050
0.025050 -0.028050
0.025050 -0.030750
0.027750 -0.030750
0.027750 -0.031050
0.025050 -0.031050
0.025050 -0.033750
0.027750 -0.033750
0.027750 -0.034050
0.025050 -0.034050
0.025050 -0.036750
0.027750 -0.036750
0.027750 -0.037050
0.025050 -0.037050
0.025050 -0.039750
0.027750 -0.039750
0.027750 -0.040050
0.025050 -0.040050
0.025050 -0.042750
0.027750 -0.042750
0.027750 -0.043050
0.025050 -0.043050
0.025050 -0.045750
0.027750 -0.045750
0.027750 -0.046050
0.025050 -0.046050
0.025050 -0.048750
0.027750 -0.048750
0.024750 -0.001050
0.022050 -0.001050
0.022050 -0.003750
0.024750 -0.003750
0.024750 -0.004050
0.022050 -0.004050
0.022050 -0.006750
0.024750 -0.006750
0.024750 -0.007050
0.022050 -0.007050
0.022050 -0.009750
0.024750 -0.009750
0.024750 -0.010050
0.022050 -0.010050
0.022050 -0.012750
0.024750 -0.012750
0.024750 -0.013050
0.022050 -0.013050
0.022050 -0.015750
0.024750 -0.015750
0.024750 -0.016050
0.022050 -0.016050
0.022050 -0.018750
0.024750 -0.018750
0.024750 -0.019050
0.022050 -0.019050
0.022050 -0.021750
0.024750 -0.021750
0.024750 -0.022050
0.022050 -0.022050
0.022050 -0.024750
0.024750 -0.024750
0.024750 -0.025050
0.022050 -0.025050
0.022050 -0.027750
0.024750 -0.027750
0.024750 -0.028050
0.022050 -0.028050
0.022050 -0.030750
0.024750 -0.030750
0.024750 -0.031050
0.022050 -0.031050
0.022050 -0.033750
0.024750 -0.033750
0.024750 -0.034050
0.022050 -0.034050
0.022050 -0.036750
0.024750 -0.036750
0.024750 -0.037050
0.022050 -0.037050
0.022050 -0.039750
0.024750 -0.039750
0.024750 -0.040050
0.022050 -0.040050
0.022050 -0.042750
0.024750 -0.042750
0.024750 -0.043050
0.022050 -0.043050
0.022050 -0.045750
0.024750 -0.045750
0.024750 -0.046050
0.022050 -0.046050
0.022050 -0.048750
0.024750 -0.048750
0.024750 -0.049050
0.022050 -0.049050
0.022050 -0.051750
0.024750 -0.051750
0.021750 -0.001050
0.019050 -0.001050
0.019050 -0.003750
0.021750 -0.003750
0.021750 -0.004050
0.019050 -0.004050
0.019050 -0.006750
0.021750 -0.006750
0.021750 -0.007050
0.019050 -0.007050
0.019050 -0.009750
0.021750 -0.009750
0.021750 -0.010050
0.019050 -0.010050
0.019050 -0.012750
0.021750 -0.012750
0.021750 -0.013050
0.019050 -0.013050
0.019050 -0.015750
0.021750 -0.015750
0.021750 -0.016050
0.019050 -0.016050
0.019050 -0.018750
0.021750 -0.018750
0.021750 -0.019050
0.019050 -0.019050
0.019050 -0.021750
0.021750 -0.021750
0.021750 -0.022050
0.019050 -0.022050
0.019050 -0.024750
0.021750 -0.024750
0.021750 -0.025050
0.019050 -0.025050
0.019050 -0.027750
0.021750 -0.027750
0.021750 -0.028050
0.019050 -0.028050
0.019050 -0.030750
0.021750 -0.030750
0.021750 -0.031050
0.019050 -0.031050
0.019050 -0.033750
0.021750 -0.033750
0.021750 -0.034050
0.019050 -0.034050
0.019050 -0.036750
0.021750 -0.036750
0.021750 -0.037050
0.019050 -0.037050
0.019050 -0.039750
0.021750 -0.039750
0.021750 -0.040050
0.019050 -0.040050
0.019050 -0.042750
0.021750 -0.042750
0.021750 -0.043050
0.019050 -0.043050
0.019050 -0.045750
0.021750 -0.045750
0.021750 -0.046050
0.019050 -0.046050
0.019050 -0.048750
0.021750 -0.048750
0.021750 -0.049050
0.019050 -0.049050
0.019050 -0.051750
0.021750 -0.051750
0.018750 -0.001050
0.016050 -0.001050
0.016050 -0.003750
0.018750 -0.003750
0.018750 -0.004050
0.016050 -0.004050
0.016050 -0.006750
0.018750 -0.006750
0.018750 -0.007050
0.016050 -0.007050
0.016050 -0.009750
0.018750 -0.009750
0.018750 -0.010050
0.016050 -0.010050
0.016050 -0.012750
0.018750 -0.012750
0.018750 -0.013050
0.016050 -0.013050
0.016050 -0.015750
0.018750 -0.015750
0.018750 -0.016050
0.016050 -0.016050
0.016050 -0.018750
0.018750 -0.018750
0.018750 -0.019050
0.016050 -0.019050
0.016050 -0.021750
0.018750 -0.021750
0.018750 -0.022050
0.016050 -0.022050
0.016050 -0.024750
0.018750 -0.024750
0.018750 -0.025050
0.016050 -0.025050
0.016050 -0.027750
0.018750 -0.027750
0.018750 -0.028050
0.016050 -0.028050
0.016050 -0.030750
0.018750 -0.030750
0.018750 -0.031050
0.016050 -0.031050
0.016050 -0.033750
0.018750 -0.033750
0.018750 -0.034050
0.016050 -0.034050
0.016050 -0.036750
0.018750 -0.036750
0.018750 -0.037050
0.016050 -0.037050
0.016050 -0.039750
0.018750 -0.039750
0.018750 -0.040050
0.016050 -0.040050
0.016050 -0.042750
0.018750 -0.042750
0.018750 -0.043050
0.016050 -0.043050
0.016050 -0.045750
0.018750 -0.045750
0.018750 -0.046050
0.016050 -0.046050
0.016050 -0.048750
0.018750 -0.048750
0.018750 -0.049050
0.016050 -0.049050
0.016050 -0.051750
0.018750 -0.051750
0.015750 -0.001050
0.013050 -0.001050
0.013050 -0.003750
0.015750 -0.003750
0.015750 -0.004050
0.013050 -0.004050
0.013050 -0.006750
0.015750 -0.006750
0.015750 -0.007050
0.013050 -0.007050
0.013050 -0.009750
0.015750 -0.009750
0.015750 -0.010050
0.013050 -0.010050
0.013050 -0.012750
0.015750 -0.012750
0.015750 -0.013050
0.013050 -0.013050
0.013050 -0.015750
0.015750 -0.015750
0.015750 -0.016050
0.013050 -0.016050
0.013050 -0.018750
0.015750 -0.018750
0.015750 -0.019050
0.013050 -0.019050
0.013050 -0.021750
0.015750 -0.021750
0.015750 -0.022050
0.013050 -0.022050
0.013050 -0.024750
0.015750 -0.024750
0.015750 -0.025050
0.013050 -0.025050
0.013050 -0.027750
0.015750 -0.027750
0.015750 -0.028050
0.013050 -0.028050
0.013050 -0.030750
0.015750 -0.030750
0.015750 -0.031050
0.013050 -0.031050
0.013050 -0.033750
0.015750 -0.033750
0.015750 -0.034050
0.013050 -0.034050
0.013050 -0.036750
0.015750 -0.036750
0.015750 -0.037050
0.013050 -0.037050
0.013050 -0.039750
0.015750 -0.039750
0.015750 -0.040050
0.013050 -0.040050
0.013050 -0.042750
0.015750 -0.042750
0.015750 -0.043050
0.013050 -0.043050
0.013050 -0.045750
0.015750 -0.045750
0.015750 -0.046050
0.013050 -0.046050
0.013050 -0.048750
0.015750 -0.048750
0.015750 -0.049050
0.013050 -0.049050
0.013050 -0.051750
0.015750 -0.051750
0.012750 -0.001050
0.010050 -0.001050
0.010050 -0.003750
0.012750 -0.003750
0.012750 -0.004050
0.010050 -0.004050
0.010050 -0.006750
0.012750 -0.006750
0.012750 -0.007050
0.010050 -0.007050
0.010050 -0.009750
0.012750 -0.009750
0.012750 -0.010050
0.010050 -0.010050
0.010050 -0.012750
0.012750 -0.012750
0.012750 -0.013050
0.010050 -0.013050
0.010050 -0.015750
0.012750 -0.015750
0.012750 -0.016050
0.010050 -0.016050
0.010050 -0.018750
0.012750 -0.018750
0.012750 -0.019050
0.010050 -0.019050
0.010050 -0.021750
0.012750 -0.021750
0.012750 -0.022050
0.010050 -0.022050
0.010050 -0.024750
0.012750 -0.024750
0.012750 -0.025050
0.010050 -0.025050
0.010050 -0.027750
0.012750 -0.027750
0.012750 -0.028050
0.010050 -0.028050
0.010050 -0.030750
0.012750 -0.030750
0.012750 -0.031050
0.010050 -0.031050
0.010050 -0.033750
0.012750 -0.033750
0.012750 -0.034050
0.010050 -0.034050
0.010050 -0.036750
0.012750 -0.036750
0.012750 -0.037050
0.010050 -0.037050
0.010050 -0.039750
0.012750 -0.039750
0.012750 -0.040050
0.010050 -0.040050
0.010050 -0.042750
0.012750 -0.042750
0.012750 -0.043050
0.010050 -0.043050
0.010050 -0.045750
0.012750 -0.045750
0.012750 -0.046050
0.010050 -0.046050
0.010050 -0.048750
0.012750 -0.048750
0.012750 -0.049050
0.010050 -0.049050
0.010050 -0.051750
0.012750 -0.051750
0.009750 -0.001050
0.007050 -0.001050
0.007050 -0.003750
0.009750 -0.003750
0.009750 -0.004050
0.007050 -0.004050
0.007050 -0.006750
0.009750 -0.006750
0.009750 -0.007050
0.007050 -0.007050
0.007050 -0.009750
0.009750 -0.009750
0.009750 -0.010050
0.007050 -0.010050
0.007050 -0.012750
0.009750 -0.012750
0.009750 -0.013050
0.007050 -0.013050
0.007050 -0.015750
0.009750 -0.015750
0.009750 -0.016050
0.007050 -0.016050
0.007050 -0.018750
0.009750 -0.018750
0.009750 -0.019050
0.007050 -0.019050
0.007050 -0.021750
0.009750 -0.021750
0.009750 -0.022050
0.007050 -0.022050
0.007050 -0.024750
0.009750 -0.024750
0.009750 -0.025050
0.007050 -0.025050
0.007050 -0.027750
0.009750 -0.027750
0.009750 -0.028050
0.007050 -0.028050
0.007050 -0.030750
0.009750 -0.030750
0.009750 -0.031050
0.007050 -0.031050
0.007050 -0.033750
0.009750 -0.033750
0.009750 -0.034050
0.007050 -0.034050
0.007050 -0.036750
0.009750 -0.036750
0.009750 -0.037050
0.007050 -0.037050
0.007050 -0.039750
0.009750 -0.039750
0.009750 -0.040050
0.007050 -0.040050
0.007050 -0.042750
0.009750 -0.042750
0.009750 -0.043050
0.007050 -0.043050
0.007050 -0.045750
0.009750 -0.045750
0.009750 -0.046050
0.007050 -0.046050
0.007050 -0.048750
0.009750 -0.048750
0.009750 -0.049050
0.007050 -0.049050
0.007050 -0.051750
0.009750 -0.051750
0.006750 -0.001050
0.004050 -0.001050
0.004050 -0.003750
0.006750 -0.003750
0.006750 -0.004050
0.004050 -0.004050
0.004050 -0.006750
0.006750 -0.006750
0.006750 -0.007050
0.004050 -0.007050
0.004050 -0.009750
0.006750 -0.009750
0.006750 -0.010050
0.004050 -0.010050
0.004050 -0.012750
0.006750 -0.012750
0.006750 -0.013050
0.004050 -0.013050
0.004050 -0.015750
0.006750 -0.015750
0.006750 -0.016050
0.004050 -0.016050
0.004050 -0.018750
0.006750 -0.018750
0.006750 -0.019050
0.004050 -0.019050
0.004050 -0.021750
0.006750 -0.021750
0.006750 -0.022050
0.004050 -0.022050
0.004050 -0.024750
0.006750 -0.024750
0.006750 -0.025050
0.004050 -0.025050
0.004050 -0.027750
0.006750 -0.027750
0.006750 -0.028050
0.004050 -0.028050
0.004050 -0.030750
0.006750 -0.030750
0.006750 -0.031050
0.004050 -0.031050
0.004050 -0.033750
0.006750 -0.033750
0.006750 -0.034050
0.004050 -0.034050
0.004050 -0.036750
0.006750 -0.036750
0.006750 -0.037050
0.004050 -0.037050
0.004050 -0.039750
0.006750 -0.039750
0.006750 -0.040050
0.004050 -0.040050
0.004050 -0.042750
0.006750 -0.042750
0.006750 -0.043050
0.004050 -0.043050
0.004050 -0.045750
0.006750 -0.045750
0.006750 -0.046050
0.004050 -0.046050
0.004050 -0.048750
0.006750 -0.048750
0.006750 -0.049050
0.004050 -0.049050
0.004050 -0.051750
0.006750 -0.051750
0.003750 -0.001050
0.001050 -0.001050
0.001050 -0.003750
0.003750 -0.003750
0.003750 -0.004050
0.001050 -0.004050
0.001050 -0.006750
0.003750 -0.006750
0.003750 -0.007050
0.001050 -0.007050
0.001050 -0.009750
0.003750 -0.009750
0.003750 -0.010050
0.001050 -0.010050
0.001050 -0.012750
0.003750 -0.012750
0.003750 -0.013050
0.001050 -0.013050
0.001050 -0.015750
0.003750 -0.015750
0.003750 -0.016050
0.001050 -0.016050
0.001050 -0.018750
0.003750 -0.018750
0.003750 -0.019050
0.001050 -0.019050
0.001050 -0.021750
0.003750 -0.021750
0.003750 -0.022050
0.001050 -0.022050
0.001050 -0.024750
0.003750 -0.024750
0.003750 -0.025050
0.001050 -0.025050
0.001050 -0.027750
0.003750 -0.027750
0.003750 -0.028050
0.001050 -0.028050
0.001050 -0.030750
0.003750 -0.030750
0.003750 -0.031050
0.001050 -0.031050
0.001050 -0.033750
0.003750 -0.033750
0.003750 -0.034050
0.001050 -0.034050
0.001050 -0.036750
0.003750 -0.036750
0.003750 -0.037050
0.001050 -0.037050
0.001050 -0.039750
0.003750 -0.039750
0.003750 -0.040050
0.001050 -0.040050
0.001050 -0.042750
0.003750 -0.042750
0.003750 -0.043050
0.001050 -0.043050
0.001050 -0.045750
0.003750 -0.045750
0.003750 -0.046050
0.001050 -0.046050
0.001050 -0.048750
0.003750 -0.048750
0.003750 -0.049050
0.001050 -0.049050
0.001050 -0.051750
0.003750 -0.051750
